ID	singluarvalue	contrib
1	27559.5063433538	163.46478452333
2	5763.71051773191	7.14966443158477
3	4744.3019103404	4.84424360458406
4	4141.6648118709	3.69174108336791
5	3684.63487187354	2.92193300608409
6	3392.92733535219	2.47759579676599
7	2874.10789957558	1.77781872015491
8	2790.60342663964	1.67601377822603
9	2677.53692828766	1.5429515064219
10	2645.7609333082	1.50654648726413
11	2605.83089272167	1.46141578894365
12	2579.69287652428	1.43224510644692
13	2569.73683308254	1.42121125187747
14	2546.87111855665	1.39603168492062
15	2544.73582825583	1.39369180734187
16	2531.0723259311	1.37876563085748
17	2515.71234165025	1.36208214166117
18	2513.39739919138	1.35957653640612
19	2507.96206528661	1.35370260488036
20	2503.34176941674	1.34871947897502
21	2494.2956498139	1.33898957826782
22	2483.72728278537	1.3276669794763
23	2474.74323528813	1.31807957360955
24	2469.82942382002	1.3128504538193
25	2459.81850675531	1.30222931450691
26	2457.74954277205	1.30003961436191
27	2454.20039860377	1.29628764821322
28	2448.17837872725	1.28993389435565
29	2436.14381935406	1.2772831570719
30	2431.4174123182	1.27233180416385
31	2430.88847661033	1.27177829285054
32	2426.58646842107	1.2672808760266
33	2418.18455977083	1.25852030227767
34	2415.51901807325	1.25574732166578
35	2412.2844041523	1.25238643886834
36	2406.9792365661	1.24688392518762
37	2405.11926127367	1.24495762919286
38	2400.43058671348	1.24010837986496
39	2389.52213657239	1.22886296152736
40	2387.83804937754	1.22713141606838
41	2380.51886501952	1.21962015633456
42	2376.79398127115	1.21580637513536
43	2366.05099231796	1.20484044696674
44	2362.99868113203	1.20173385637752
45	2361.08696791408	1.19979018945406
46	2351.58191469909	1.19014961711649
47	2348.97807183482	1.18751543553006
48	2342.37280765969	1.18084630148928
49	2332.83888278555	1.17125330371144
50	2329.86098973018	1.16826497823758
51	2322.81657282196	1.1612110774777
52	2320.34072443938	1.15873696875509
53	2317.91488408948	1.15631539203885
54	2312.00989756452	1.15043137143794
55	2309.1712150124	1.14760810961006
56	2307.29709209996	1.14574606849237
57	2305.74152035025	1.1442016731775
58	2295.65376464641	1.13421167433979
59	2289.71489594714	1.12835084169544
60	2288.22817057382	1.12688602770617
61	2283.93813576298	1.12266455317626
62	2279.39834619384	1.11820594247604
63	2269.3084024332	1.1083281926423
64	2266.29215945607	1.10538388990737
65	2260.67352180868	1.09990970371125
66	2258.44194650576	1.09773927101706
67	2256.19514943407	1.09555619914905
68	2253.11392253448	1.09256589734991
69	2245.19980208083	1.08490404576363
70	2241.87113925807	1.08168954095656
71	2238.49301784442	1.07843214984478
72	2234.4984241693	1.07458665693012
73	2231.65678951791	1.0718552689721
74	2224.33450266038	1.06483308164904
75	2221.61308354816	1.06222908088615
76	2218.71927152711	1.05946362246942
77	2217.60959050054	1.05840411693084
78	2211.80765664881	1.05287315456201
79	2207.48009559606	1.04875714075983
80	2205.20819649271	1.04659952736929
81	2200.96972130091	1.04258020339664
82	2196.39802379865	1.03825355492655
83	2192.9983424166	1.03504193343926
84	2187.47437739937	1.02983414614346
85	2183.51805994255	1.02611235047915
86	2179.03094324096	1.02189937412707
87	2175.60737414472	1.01869079668864
88	2170.35620385843	1.01377919067448
89	2163.48019240067	1.00736575944137
90	2160.9306754682	1.00499293182113
91	2156.81661505814	1.001169888467
92	2155.57160067568	1.00001437886884
93	2152.91575002466	0.997551688512434
94	2145.56713648094	0.990753363097074
95	2143.38326485812	0.988737507274972
96	2140.62673996517	0.986195986094418
97	2138.91575729528	0.984620101926752
98	2133.71437595849	0.979837157527297
99	2132.46191356098	0.978687191972908
100	2128.57291452432	0.975120757428171
101	2124.09037676485	0.97101809019126
102	2120.07816429255	0.967353226015716
103	2118.01947610872	0.965475453975721
104	2113.78798864056	0.961621555253175
105	2112.32609249457	0.960291899932506
106	2105.11719280839	0.953748558664506
107	2100.7602254899	0.949804691748803
108	2099.15012905282	0.94834932232044
109	2097.10892298865	0.946505876070571
110	2091.5186345792	0.941466377827564
111	2088.28200080983	0.938554786166299
112	2082.6011362164	0.933455330768518
113	2078.85267875092	0.930098116931137
114	2078.29847057991	0.929602267204642
115	2071.26160324403	0.923317882571282
116	2068.18788342249	0.920579537319477
117	2063.71838984151	0.916604967616786
118	2059.36899601665	0.912745453700441
119	2056.93983876062	0.910593440554441
120	2050.18133980828	0.904619387079879
121	2048.40323083712	0.903050926485202
122	2046.83875397553	0.901672035121311
123	2044.0243119175	0.899194107636367
124	2039.67523051434	0.895371738231432
125	2035.37491714573	0.891600235730646
126	2033.38530411782	0.889857979400356
127	2032.23898383567	0.888854947935462
128	2029.59741803489	0.886545728527233
129	2025.57567253611	0.883035743054774
130	2023.08596743619	0.880866337589095
131	2015.53134005831	0.874299941312013
132	2014.78096947996	0.87364906894106
133	2010.53550480406	0.869971112337756
134	2008.74410235024	0.868421501223633
135	2006.58940586146	0.866559460970579
136	2003.78407291273	0.864138149996803
137	2001.93580946456	0.862544746414775
138	1996.68348281186	0.858024697619922
139	1990.33242449326	0.852574962336323
140	1988.42304902023	0.850939954167521
141	1984.94608918161	0.847966645980145
142	1984.05158523415	0.847202556106455
143	1977.72744806661	0.841810270728137
144	1975.58867802831	0.839990540649268
145	1970.50703288482	0.835674820379496
146	1969.49494420166	0.834816604893768
147	1964.53095769549	0.830613704036466
148	1962.73294891174	0.829093985245344
149	1960.12797092604	0.826894665837107
150	1958.42652041495	0.825459749599084
151	1953.74378102341	0.821517001066522
152	1950.18279141753	0.818525055521864
153	1949.09968119026	0.817616108245824
154	1943.42552415486	0.812862601411726
155	1942.41060488216	0.81201381714719
156	1938.80240364306	0.808999842687072
157	1935.58021008652	0.806313041879132
158	1934.39139383733	0.805322885364632
159	1928.82467706532	0.800694500520993
160	1924.69129266576	0.797266473019976
161	1923.66908850507	0.796419840945702
162	1920.0609101431	0.793434993020548
163	1914.94291366078	0.789210767241512
164	1912.85286602061	0.78748895305034
165	1911.06537554856	0.78601788192228
166	1906.55416054623	0.782311352016712
167	1904.26246621005	0.780431792505546
168	1900.25688326061	0.777151996253989
169	1899.94634775202	0.776898016306885
170	1894.12396919196	0.772143710064285
171	1890.26875257367	0.769003734110984
172	1887.04482941441	0.766382842501386
173	1885.96795586943	0.765508393828305
174	1883.59302177244	0.76358165134253
175	1879.9066148118	0.760595742849444
176	1874.81650385192	0.756482479606637
177	1870.7596005808	0.753212126725841
178	1869.38674005171	0.752107040025448
179	1865.60395694046	0.74906627890248
180	1864.68132068209	0.748325559190461
181	1861.79831822082	0.746013360749566
182	1859.57174380065	0.744230073053703
183	1855.99131655972	0.741366944636509
184	1851.55537668619	0.737827349265861
185	1849.25598996349	0.735995919337969
186	1847.91160921615	0.734926192822246
187	1840.04162987692	0.728679641158364
188	1839.23981387559	0.728044721071082
189	1835.79836416169	0.72532274300443
190	1832.4982708314	0.72271735740705
191	1832.15438124468	0.722446130244582
192	1826.25216139156	0.71779895889624
193	1825.03186491101	0.716840016954205
194	1819.05752907686	0.712154473258672
195	1818.7346039247	0.711901647633086
196	1815.33753702248	0.709244724546065
197	1813.77416554561	0.708023645276613
198	1809.36042939804	0.704581951919392
199	1804.27776109658	0.700629034205975
200	1802.56132400377	0.69929662999478
201	1800.66521707003	0.697826229187717
202	1796.30412490828	0.694450144446829
203	1795.90927599867	0.694144881276755
204	1790.01393819864	0.689595094764067
205	1785.53002119775	0.686144602762052
206	1783.19119163319	0.684348246238035
207	1780.68224431922	0.6824238471063
208	1775.4885238853	0.678448797847567
209	1774.79544869342	0.677919226128847
210	1771.10564740386	0.675103366933916
211	1769.41460265604	0.67381481027144
212	1767.35283871092	0.672245435080835
213	1766.01617905783	0.671228973018566
214	1765.0132342255	0.67046678921027
215	1760.17548339448	0.66679644152665
216	1755.62867688235	0.663356013417778
217	1752.01649078349	0.660629126621907
218	1749.52569187312	0.658752061379732
219	1746.78684786276	0.656691152056365
220	1742.83555908451	0.653723598632548
221	1739.90019052135	0.651523386775037
222	1736.51276056866	0.648988940901182
223	1735.27983880187	0.648067705473299
224	1732.17886291885	0.645753558040613
225	1728.86656613396	0.643286281206432
226	1728.31586955096	0.642876533984401
227	1724.7933379115	0.640258673158191
228	1720.88153260117	0.637357772438988
229	1717.95492791233	0.635191780056103
230	1717.42656263257	0.634801127580444
231	1713.87670120979	0.632179615633448
232	1711.41579319459	0.630365460667616
233	1707.73897908748	0.627659809698109
234	1704.00001053059	0.624914388707542
235	1700.67385111801	0.622477139630609
236	1697.50564292934	0.62016005783469
237	1697.26097772103	0.619981300661583
238	1693.15996693849	0.616988857765476
239	1688.10977482166	0.613313758652475
240	1685.93978588265	0.611737997767079
241	1683.53226051212	0.609992119059631
242	1678.97435440582	0.606693669402641
243	1675.64891090959	0.604292766117702
244	1672.32687261403	0.601899074048973
245	1670.19510385782	0.600365531951526
246	1667.60939924546	0.59850806478979
247	1665.67988360766	0.597123852671968
248	1664.87538694505	0.59654718948182
249	1658.618577273	0.592071817106233
250	1655.37843696516	0.589760831354331
251	1653.38371638244	0.588340371523787
252	1651.63172937166	0.587094177358118
253	1645.62409151717	0.582830957531381
254	1645.1651542235	0.582505919066732
255	1643.62203083471	0.581413679855565
256	1641.33902974056	0.579799627255663
257	1637.76351157055	0.577276289851802
258	1637.15308713109	0.576846047166262
259	1635.54631793093	0.575714322050698
260	1629.70737743568	0.571611031054781
261	1628.50351937516	0.570766849584903
262	1621.09083785696	0.565582600837044
263	1620.2099636659	0.564968111203807
264	1615.51382442568	0.561697764886893
265	1614.29678144403	0.560851776676531
266	1612.27641078549	0.559448788819771
267	1609.4330502378	0.557477275825428
268	1604.30985363062	0.553933767221884
269	1602.92346542267	0.552976800690793
270	1598.60286520178	0.549999775567399
271	1595.92597940296	0.548159351110529
272	1594.71523168055	0.547327945464749
273	1592.54079748439	0.545836372308098
274	1589.71961589055	0.543904190021996
275	1587.29373227858	0.542245480497763
276	1585.62307538841	0.541104633800006
277	1581.58450883289	0.538351767550127
278	1579.49152662944	0.536927859923631
279	1577.54510357594	0.535605352255314
280	1575.1285110885	0.53396565461627
281	1572.8797508107	0.532442091806477
282	1567.72536883009	0.528958146948467
283	1566.68401474707	0.528255664494566
284	1562.88614010989	0.525697628478604
285	1558.0971991079	0.522480915767476
286	1556.07118868261	0.521123024154716
287	1554.41106447073	0.520011677236399
288	1548.85979123198	0.516304070818775
289	1546.78807015378	0.51492380041589
290	1544.29652449512	0.513266271631123
291	1542.95773664996	0.512376731598575
292	1540.18178733505	0.510534746768757
293	1536.74266960792	0.508257315837558
294	1533.51886430715	0.506127090653083
295	1532.08686366813	0.505182288555371
296	1530.32574514396	0.504021552091888
297	1524.45166351792	0.500159653322807
298	1523.08874833104	0.499265731288428
299	1519.4464317009	0.496880696909521
300	1517.57156891601	0.495655239582344
301	1514.58324451955	0.493705123562345
302	1512.86686562485	0.492586789638992
303	1509.67683168746	0.490511640904693
304	1508.14166761857	0.489514562634238
305	1506.55050346881	0.488482183313954
306	1503.17275572582	0.486294244789772
307	1500.45735165158	0.48453890073609
308	1500.13546849179	0.484331033203991
309	1496.62752722227	0.482068546428861
310	1493.97034332923	0.480358291033437
311	1488.30023567034	0.476718975699817
312	1483.68266505371	0.473765447033058
313	1482.20424883712	0.472821749882603
314	1478.52577625973	0.470477803522153
315	1477.77631015252	0.470000953128143
316	1471.9254649545	0.466286643916013
317	1469.14185904127	0.464524691990198
318	1467.89990935548	0.463739645343367
319	1465.75305772788	0.462384168485941
320	1463.73709596685	0.461113138867333
321	1458.57779434372	0.45786825418346
322	1457.84206096684	0.457406456401153
323	1454.45640155496	0.455284382587132
324	1450.84942714598	0.453029020608766
325	1447.42064795559	0.45089027215352
326	1446.80157719512	0.450504657521567
327	1441.93771529436	0.447480733169198
328	1440.15835091779	0.44637702391878
329	1437.54519151762	0.444758596260651
330	1437.36669626818	0.444648154698994
331	1434.35040649272	0.442783939455515
332	1429.75044042427	0.439948474578375
333	1426.93589529382	0.438218052241394
334	1424.06954969648	0.436459286743476
335	1421.47237570552	0.434868736574899
336	1417.93016746179	0.432704112947084
337	1414.10422314597	0.430372166858251
338	1412.82639095921	0.429594720720391
339	1409.67328901762	0.427679348203615
340	1407.64958846717	0.426452292693712
341	1406.27210758012	0.425618075901151
342	1403.75444048071	0.424095461034723
343	1400.97980022889	0.422420596305098
344	1398.99923404562	0.421227087912732
345	1394.97790493154	0.418808990431678
346	1392.90819004702	0.417567146878963
347	1391.99776110893	0.41702146701931
348	1388.29933833224	0.414808427854277
349	1384.20624925686	0.412366094366209
350	1381.65150240645	0.410845340073053
351	1380.11809615392	0.409933904420982
352	1375.98921782668	0.407484787342562
353	1374.13455476148	0.406387049586691
354	1371.4275449153	0.404787482553687
355	1364.93580613506	0.40096437831523
356	1364.75002443604	0.400855235052133
357	1360.89310789722	0.398592724712984
358	1360.19233824083	0.398182332788665
359	1357.74029198531	0.396748004102367
360	1354.40253670062	0.394799737493231
361	1354.22967197747	0.394698965986628
362	1350.43836805521	0.39249205961996
363	1347.92901442473	0.391034775322602
364	1345.07434513255	0.389380247644436
365	1344.94004905129	0.389302497844119
366	1341.18891919592	0.387133943563417
367	1337.24249224082	0.384859024570466
368	1331.18512839596	0.38138029694077
369	1330.00669399469	0.380705360416706
370	1329.35680202923	0.38033339701639
371	1325.33137278922	0.378033507093193
372	1323.63555097141	0.377066703864287
373	1320.62511134699	0.375353474442264
374	1317.05264688446	0.373325460236717
375	1315.64761471774	0.372529357674131
376	1313.77283256439	0.371468414349174
377	1308.95549806862	0.368749212488787
378	1307.2888472034	0.367810777324386
379	1306.24988827641	0.367226379408559
380	1300.78598901972	0.364160669699347
381	1297.03733550997	0.362064790487028
382	1296.16231342834	0.361576434737471
383	1295.21062786145	0.361045666725994
384	1292.2253123129	0.359383245070939
385	1287.74104254413	0.356893315219036
386	1284.73965883151	0.355231606169261
387	1281.90410163075	0.353665268669979
388	1279.4944466809	0.352336916114561
389	1275.11679564053	0.349930075693034
390	1272.33454605243	0.34840467716699
391	1270.69997174089	0.347510057867892
392	1269.73141392733	0.346980498863712
393	1263.16382104877	0.34340031947096
394	1258.90287632803	0.341087488971973
395	1258.47161360933	0.340853836122628
396	1257.13376310039	0.340129514515596
397	1250.72861255136	0.33667239510769
398	1249.10524355868	0.335799002060714
399	1246.98388105453	0.334659391895188
400	1241.60093879806	0.331776333048393
401	1239.5012157968	0.330655120396342
402	1237.53556738958	0.329607220897198
403	1234.2764105716	0.327873408802479
404	1231.60509852989	0.326455728960839
405	1228.605474945	0.324867473422106
406	1223.89671723712	0.322382068886236
407	1221.82568082868	0.321291944053497
408	1219.87282698633	0.320265717810065
409	1217.29497313555	0.318913567221379
410	1214.42194770426	0.317409961999589
411	1212.37223339037	0.316339410369458
412	1208.24110456261	0.314187245694569
413	1207.59479186284	0.313851205321639
414	1202.55308597461	0.311236019605503
415	1201.10563018175	0.310487230613371
416	1198.91939708384	0.309357971579182
417	1192.83360263933	0.30622529943769
418	1192.34343531081	0.305973678765327
419	1190.21154737748	0.304880506407758
420	1188.12048426662	0.30381016835984
421	1186.69418967137	0.303081180495613
422	1182.89864890035	0.301145522045684
423	1179.24019210258	0.299285643049409
424	1178.29803778282	0.298807605373939
425	1175.93912079217	0.297612395404736
426	1170.24949983431	0.294739448518805
427	1168.14749008874	0.293681573633608
428	1164.61579773891	0.291908466917718
429	1162.5006091286	0.290849094782239
430	1159.89462818355	0.289546561868724
431	1158.12489575184	0.28866367300779
432	1152.88949363287	0.286059714665047
433	1150.90036184915	0.285073462983478
434	1146.29928919938	0.282798684191729
435	1144.18110405988	0.281754512695708
436	1141.05860806479	0.280218782262316
437	1136.84557402448	0.278153346186671
438	1133.26921739202	0.276406036129771
439	1130.33964695031	0.274978830108461
440	1128.88142399877	0.274269801110132
441	1124.98364924305	0.272379086455461
442	1122.48637066669	0.27117115514995
443	1117.81689624721	0.268919737061572
444	1114.25763317631	0.267209918141368
445	1113.08672383547	0.266648622105808
446	1111.76046791838	0.266013570730914
447	1106.68430387389	0.263589944700881
448	1100.12853666343	0.26047629060307
449	1098.35934276285	0.259639183846466
450	1096.63557053777	0.25882486453328
451	1090.84480200578	0.256098639452735
452	1088.02090671684	0.254774418695912
453	1084.04069341583	0.252913789537208
454	1081.6993111598	0.251822449772545
455	1079.99829806306	0.251031071836317
456	1077.44007344952	0.249843230566799
457	1073.76694652002	0.248142641115429
458	1070.71463836401	0.246733897254137
459	1067.71161133038	0.245351811925291
460	1067.10253131859	0.245071968081815
461	1062.57562123659	0.242997068027344
462	1058.25931444326	0.241026912494085
463	1056.72172828632	0.240327026540385
464	1052.57810529796	0.23844597848603
465	1046.38895466089	0.23565010178911
466	1044.6764446774	0.234879407632704
467	1041.12465032973	0.233284990174348
468	1033.95940256814	0.230085002959229
469	1030.95092398653	0.228748008959081
470	1025.723752205	0.226434273451566
471	1024.51014198398	0.225898767906072
472	1022.44955023853	0.22499098377877
473	1016.54890011037	0.222401590011115
474	1015.39651572387	0.221897636191743
475	1009.05406225942	0.219134223126122
476	1007.08468163268	0.218279685056943
477	1005.21517126704	0.217470026498083
478	1001.06635291366	0.215678605614887
479	996.163052651569	0.213570959080703
480	994.108236929543	0.21269078921335
481	987.715634639854	0.209964172581316
482	983.982148863364	0.208379877085232
483	978.073239139245	0.205884708141554
484	975.766770652863	0.204914828458187
485	971.458579549701	0.203109349162217
486	968.941831876706	0.202058325794364
487	966.785634496864	0.201160040966281
488	961.212447921355	0.198847488907128
489	959.569600516683	0.198168353063487
490	949.253709840404	0.193930422866628
491	945.949511607995	0.192582691864383
492	939.106945465469	0.189806658355219
493	937.325031468233	0.189087042202929
494	930.964741094988	0.186529619489305
495	928.013551132237	0.185348883443203
496	923.219801295348	0.183438951594366
497	908.951806154149	0.177812812826948
498	903.094281769926	0.175528452112002
499	894.273227674837	0.172116218863282
500	886.958015792283	0.169311892516187
501	885.564371238677	0.168780243408657
502	875.383368310561	0.164921744622376
503	872.053797167652	0.163669551813417
504	852.656765109021	0.156469546037391
505	0.0000000000300656120470229	0.000000000000000000000000000194545610648831
