ID	singluarvalue	contrib
1	18123.7285017987	146.824401965853
2	4552.53864062828	9.26425341909798
3	3545.58204958042	5.61924832946724
4	2896.77801593775	3.75088351297462
5	2501.65909253716	2.79743110216205
6	2124.99040390846	2.01844579751852
7	2105.36007696847	1.98132587784768
8	2083.57191931449	1.94052899660947
9	2066.76519151229	1.90934945793033
10	2055.37396254133	1.88836023427997
11	2048.83751653765	1.87636870550884
12	2042.88135385863	1.86547500370166
13	2028.56994996788	1.83942938799806
14	2021.66659416563	1.82693129388309
15	2010.05603204924	1.8060071818163
16	2004.58259681475	1.79618496338847
17	1997.73070845563	1.78392682539526
18	1987.84694744724	1.76631855672594
19	1979.42595732177	1.7513851676826
20	1975.86923467077	1.74509688513655
21	1961.59027982685	1.71996554392463
22	1960.20647897385	1.71753970577083
23	1953.25757005106	1.70538397386268
24	1949.41792915899	1.69868580340638
25	1939.86738386792	1.68208224717906
26	1933.27001999107	1.67066039625049
27	1923.64698137861	1.65407004172343
28	1917.54074376588	1.64358567079395
29	1915.84635106166	1.6406823174445
30	1910.83457041767	1.63210962090154
31	1902.6692542798	1.61819086766056
32	1890.47631217141	1.59751750294027
33	1887.06813020579	1.59176263315064
34	1882.58033206414	1.58420062203146
35	1873.97946186545	1.56975833923779
36	1871.37571945613	1.56539926594506
37	1861.0337351588	1.54814500745311
38	1857.17344169022	1.54172911534661
39	1853.6591967072	1.53589994769161
40	1850.38857153028	1.53048479758649
41	1845.98057817397	1.52320164492327
42	1842.07321949052	1.5167601944406
43	1837.24088337769	1.50881275651918
44	1829.41021534475	1.49597847548435
45	1824.02445742832	1.48718316207144
46	1820.95154248369	1.48217649909546
47	1819.60835772264	1.47999071590257
48	1816.6682726016	1.47521190369724
49	1812.93780596623	1.46915952911351
50	1804.79579091347	1.45599299013445
51	1803.84038133806	1.45445187234774
52	1795.34707634879	1.44078766852661
53	1789.94153398064	1.43212470387549
54	1785.67787410465	1.42531015699496
55	1782.27160483298	1.41987764344569
56	1773.97758603514	1.4066932442091
57	1769.29744433456	1.39928070486855
58	1766.70433093098	1.39518208982692
59	1762.65537296324	1.38879442181402
60	1757.05108480996	1.37997723490311
61	1753.66877469703	1.37466945696107
62	1749.48343019757	1.36811565425924
63	1746.93542533436	1.36413341956823
64	1740.43748419153	1.35400416915076
65	1732.9786116508	1.34242351362279
66	1730.30100606182	1.33827839171183
67	1724.0387988453	1.32860907831569
68	1720.24016763867	1.32276079240231
69	1715.61257801842	1.31565369077025
70	1711.97191846237	1.31007578229116
71	1708.61905920569	1.30494929819481
72	1703.247726678	1.29675753761543
73	1700.2492365219	1.29219579119423
74	1699.22218849958	1.29063514200609
75	1692.64971334333	1.28067027422673
76	1691.79913450824	1.2793834901688
77	1686.30431363406	1.27108632702615
78	1682.85574317824	1.26589278211343
79	1680.8786736357	1.26292011150152
80	1676.18800672146	1.25588132637934
81	1673.21215716757	1.25142598328267
82	1667.94750296007	1.24356331007654
83	1661.64777929628	1.23418734259773
84	1658.3636759121	1.22931363412569
85	1655.6889631278	1.22535140395195
86	1651.51221895997	1.21917690623286
87	1649.39424040265	1.21605184938763
88	1646.39655397067	1.21163564684196
89	1643.02663148651	1.20668065657653
90	1637.83989783322	1.19907414282024
91	1631.93345117144	1.19044143422272
92	1628.58152505768	1.18555621810309
93	1625.60190474541	1.18122204651644
94	1622.26583988335	1.17637880677531
95	1616.22620063234	1.16763587724219
96	1611.10766534738	1.16025185932386
97	1608.14780154275	1.15599263695257
98	1601.26974929728	1.14612541632936
99	1598.7016560419	1.1424520855915
100	1598.20430018316	1.14174136279757
101	1595.89527317892	1.13844465384112
102	1592.11763848119	1.13306142086609
103	1588.40633048802	1.12778512895407
104	1583.1987845501	1.1204024265148
105	1581.46375919777	1.11794807718037
106	1576.38172603994	1.11077457036225
107	1572.72749320453	1.10563073471059
108	1568.23753757089	1.09932684950332
109	1564.61864880209	1.09425905683421
110	1562.04383619819	1.0906604883317
111	1559.94473280741	1.08773115843574
112	1556.99142656361	1.08361644555654
113	1550.34540330758	1.07438534813494
114	1548.54308538039	1.07188879682387
115	1544.8622746721	1.06679919904084
116	1541.09413157353	1.06160139001379
117	1538.77133555811	1.05840362929138
118	1533.27551440745	1.05085681660447
119	1528.68459796584	1.04457331019513
120	1524.4137832654	1.03874483875076
121	1522.06367446891	1.03554455061004
122	1515.81883053179	1.02706455343641
123	1514.15770714796	1.02481475141499
124	1512.05397278182	1.02196902365882
125	1508.95723779647	1.01778725962913
126	1505.47652502343	1.01309721389662
127	1503.30193505042	1.0101725851957
128	1499.7007507628	1.00533861228427
129	1494.8668269547	0.998868123866856
130	1494.11318460034	0.997861212013165
131	1491.31187119331	0.994122938975759
132	1486.80666937498	0.988125589229557
133	1480.98043334443	0.980396577560872
134	1478.31167228738	0.97686636649088
135	1476.1730591633	0.974042025541968
136	1474.30414153184	0.971577203497969
137	1469.3086090841	0.965004173643563
138	1464.31865354279	0.958460754287781
139	1461.65889624724	0.954982060965257
140	1457.40350587622	0.949429594670833
141	1452.43800616063	0.94297103848901
142	1449.59076847137	0.939277619452276
143	1445.66788765324	0.934200754304026
144	1443.20194396232	0.931016452124214
145	1437.97286085337	0.924282061591491
146	1437.14914813858	0.923223453536757
147	1434.86327748152	0.920288906247143
148	1432.33627663456	0.917050238076548
149	1431.00310084934	0.915343906656416
150	1428.98766133494	0.91276736276814
151	1424.2211607968	0.906688303889713
152	1420.58708768677	0.902067156676046
153	1416.31971758162	0.896655770539126
154	1411.99655476103	0.891190235161761
155	1411.62630286263	0.890722922952234
156	1406.65402328852	0.884459050964624
157	1404.29846687503	0.881499334147345
158	1400.71491153462	0.877006170901132
159	1397.26962448418	0.872697196968107
160	1392.24539310321	0.866432479627438
161	1389.92325400375	0.863544628318259
162	1388.48546718392	0.861758988849339
163	1385.60092911585	0.858182149763412
164	1383.69725023956	0.855825654581089
165	1379.18292366249	0.850250483883675
166	1376.31121627092	0.846713420658336
167	1373.84877979113	0.843686325021675
168	1371.17602115183	0.840406813509383
169	1367.23818652988	0.835586672342301
170	1365.15353446189	0.833040547543904
171	1361.74902560291	0.828890746903087
172	1357.74636040407	0.824025098347862
173	1355.63713545837	0.821466882274408
174	1352.78776335447	0.818017279321398
175	1348.38814770058	0.812705124159128
176	1345.10705507777	0.808754753545618
177	1344.36093657678	0.807857784751291
178	1342.26258120402	0.805337851724753
179	1338.82649757995	0.801219929749898
180	1337.70739787037	0.799881040434476
181	1333.96011981793	0.795405953516039
182	1329.95299541471	0.790634441446532
183	1325.55077695511	0.785409015968849
184	1322.98424250931	0.782370538906636
185	1321.71795840403	0.780873575868058
186	1319.54259307789	0.778305270898778
187	1314.46353242538	0.772325241420543
188	1310.54676904585	0.767729437483275
189	1309.33073754255	0.766305375287307
190	1306.61519553839	0.76313004845216
191	1299.68267375866	0.755053636983755
192	1299.31804356511	0.75463003091584
193	1295.58457743533	0.75029954704278
194	1293.57290866316	0.747971358826868
195	1290.94161215005	0.744931510521799
196	1289.68916808136	0.743486778301472
197	1283.6921728996	0.736588495531294
198	1282.50450727298	0.735226150000771
199	1278.96348559901	0.731171805356469
200	1277.81346916409	0.729857488628982
201	1272.59145283839	0.723904288146898
202	1270.80282344777	0.721870820825418
203	1268.14745242788	0.718857242026774
204	1264.59954875993	0.714840566275832
205	1259.87551623552	0.709509831078975
206	1258.33110012432	0.707771394588905
207	1255.57593234214	0.704675398457235
208	1253.45041695172	0.702291583055958
209	1250.33760203778	0.698807776752135
210	1246.37339207295	0.69438364483932
211	1244.72237864861	0.692545227218091
212	1240.86041979135	0.688254419801191
213	1240.46596822379	0.687816917113261
214	1236.63220667199	0.683571978032114
215	1232.55750327723	0.679074659953272
216	1229.75477774841	0.675989861136194
217	1228.97498720137	0.675132839255467
218	1226.75703758886	0.672698193416312
219	1223.87541300909	0.669541599427572
220	1219.94116077908	0.66524392066128
221	1219.35484391457	0.664604627533672
222	1212.95198299303	0.657643243827251
223	1210.59767770566	0.655092787763799
224	1208.31499202288	0.652624649702734
225	1206.09567381008	0.650229493380535
226	1204.97504539655	0.64902174983877
227	1199.55574882951	0.643197011687327
228	1196.8884131239	0.640339762367785
229	1195.43509982054	0.638785650406796
230	1189.17250843171	0.632110298785306
231	1186.55603008701	0.629331755898524
232	1182.64945096028	0.625194594164404
233	1175.79170217087	0.617965069200724
234	1175.35062026764	0.617501514164022
235	1169.55906416712	0.611431013192265
236	1168.94596988408	0.610790144994605
237	1164.97579419688	0.606648249236535
238	1163.57306398858	0.605188216310972
239	1161.04511528453	0.602561440356082
240	1158.78733285509	0.600220222364727
241	1154.76777776617	0.596063404656746
242	1152.85300636571	0.594088325439515
243	1147.92335909868	0.589018495429787
244	1146.72678943814	0.587791175991096
245	1141.89022617885	0.582843364553881
246	1139.9259869428	0.580839916027972
247	1137.84092462001	0.578717006600961
248	1134.99029704323	0.575820924870541
249	1131.66022652026	0.57244695545832
250	1130.46873255477	0.571242162690736
251	1124.57746464109	0.565303791210162
252	1122.62274437039	0.563340297436563
253	1119.80178520415	0.560512698690744
254	1117.18688408706	0.55789799668468
255	1114.10353970644	0.554822740640401
256	1110.29817132593	0.551039072214715
257	1107.55551772181	0.548320086051087
258	1104.87811467545	0.54567227402627
259	1103.10063238085	0.543917976231822
260	1101.87385821682	0.542708850856035
261	1099.17466438823	0.540053225331473
262	1095.9543125618	0.536893375023238
263	1092.73024714191	0.533739168214661
264	1091.69332356995	0.532726687530832
265	1086.40225310156	0.527575307099524
266	1081.74809287825	0.523064711732497
267	1081.36321800084	0.52269257582522
268	1080.51748651302	0.521875302412535
269	1076.22885634959	0.517740823213857
270	1073.97871260812	0.515578135596709
271	1071.61214167779	0.513308429730904
272	1069.60627803581	0.511388587580848
273	1065.31868112039	0.507296925969384
274	1063.97319456859	0.506016313566991
275	1059.81123562872	0.502065274088996
276	1055.44197542989	0.497934100759628
277	1052.91977796676	0.495557110735746
278	1050.40281964982	0.493190727629089
279	1047.9687273565	0.49090764002925
280	1046.55255882783	0.489581764172737
281	1043.51611968569	0.486744967013334
282	1041.3942006751	0.484767454100716
283	1035.52260228201	0.479316423901739
284	1034.09953378029	0.477999926482641
285	1032.23300442371	0.476275922818476
286	1026.70492846585	0.471188235623295
287	1026.28298245993	0.470801025754643
288	1026.02074340809	0.470560455379885
289	1024.66398775501	0.469316789605452
290	1018.5183691301	0.463704037248616
291	1015.93880399897	0.46135819828761
292	1014.15354399714	0.45973817814555
293	1011.86271276041	0.457663555245992
294	1010.40263174165	0.456343724504558
295	1005.75495139469	0.452155172907042
296	1004.90969971451	0.45139549616455
297	1002.20255777349	0.448966729263882
298	995.776846704064	0.443228005160242
299	989.70472810584	0.437838991905486
300	987.101217292778	0.435538468958955
301	985.77650435856	0.434370247739373
302	984.584365753738	0.433320280687142
303	981.11969572344	0.43027601074576
304	977.342919257269	0.426969730120567
305	976.138216832365	0.42591778725753
306	973.138013563231	0.423303657071055
307	965.938546128446	0.417063457586998
308	964.145206089557	0.415516273661042
309	962.645937843702	0.414225003457964
310	959.588779710367	0.411598200689052
311	957.126831676885	0.409488894111441
312	954.618335736063	0.407345280288993
313	951.810256577741	0.404952333540156
314	948.853187117639	0.402440042826799
315	948.365368745059	0.402026349360566
316	945.03402537345	0.399206896888555
317	943.428593144977	0.397851696508658
318	940.241558590055	0.395168238686738
319	937.331545636651	0.392725961668347
320	932.747923868127	0.388894433869346
321	931.911274688031	0.38819709158048
322	931.469914999581	0.387829472946753
323	927.260679635961	0.384332254157147
324	924.949353072263	0.382418638621917
325	922.749095383181	0.380601417455691
326	918.640722081627	0.377219844350886
327	915.191161017088	0.374392188822542
328	914.932670738147	0.37418072901297
329	911.657841546321	0.37150690391378
330	910.688953436622	0.370717666256639
331	907.779034970252	0.368352347770461
332	906.255512807943	0.367116976562848
333	900.837289309217	0.362740339672304
334	898.810356320656	0.361109805073457
335	895.042339655958	0.358088443247853
336	890.731283831515	0.354647217245863
337	889.726503847158	0.353847556455424
338	887.204052114231	0.35184402361504
339	884.508808522715	0.349709531745277
340	882.56858383953	0.348176995547645
341	880.673472974408	0.346683342591384
342	877.39113123393	0.344103924325443
343	876.017632398487	0.343027422889309
344	872.045322992031	0.33992355460489
345	868.558245446942	0.337210461985337
346	867.122177458739	0.336096301090251
347	865.891660964267	0.335143082254707
348	865.058442854847	0.334498398992633
349	860.512088881284	0.330991695006367
350	859.335525087148	0.330087194960351
351	855.129127638658	0.326863588732444
352	852.167388004616	0.324603325729902
353	849.814508197205	0.322813305974795
354	847.728738745936	0.321230636249747
355	843.612177547004	0.318118426372594
356	839.983317076307	0.31538749258915
357	837.151521017247	0.313264575179858
358	836.066926445271	0.312453384007539
359	834.567326750269	0.311333533966814
360	830.74067019267	0.308485027571939
361	827.576481812302	0.306139540361181
362	826.145682881761	0.305081884697709
363	822.860724510138	0.302660547027428
364	817.2417340874	0.298541161710514
365	815.674817917585	0.297397459662697
366	814.239015995154	0.296351385870844
367	812.009099182494	0.294730402299418
368	807.488399326041	0.291457831126491
369	805.173016584353	0.289788781952144
370	803.499831126058	0.288585645297478
371	802.759794877742	0.28805430606844
372	797.064095176804	0.283981231073784
373	794.08619039012	0.281863234983549
374	790.223605127935	0.279127831903222
375	789.295693737181	0.278472691192147
376	787.714856642776	0.27735833286665
377	783.269556558237	0.274236741110751
378	780.41128620713	0.272238929351706
379	779.02237102422	0.271270772387185
380	778.055235084002	0.270597639318423
381	776.431958546987	0.2694697076117
382	773.607757875797	0.267512929763643
383	772.726716620142	0.266903950045803
384	769.058238778701	0.264375741768433
385	766.496261617386	0.26261723666009
386	763.26432978789	0.260407254308009
387	758.673561453208	0.257284157458541
388	755.309128281526	0.2550072993794
389	753.419259893758	0.253732781982745
390	750.208040763289	0.251574474631419
391	748.315385100405	0.250306710996342
392	742.379439816377	0.24635138960535
393	741.055608725288	0.245473572059191
394	738.908868530288	0.244053423019256
395	736.099829597167	0.242201361173037
396	733.304214293098	0.240365153553763
397	730.192417408294	0.238329489470709
398	726.397067239116	0.235858378966534
399	725.265651066633	0.235124218067003
400	723.140115148378	0.233748080538741
401	721.812408818772	0.232890531925844
402	718.817835132144	0.230962160546128
403	715.645920288099	0.228928332443599
404	714.384660324898	0.228122113348939
405	708.368009574823	0.224295739875884
406	706.969948118908	0.223411256729846
407	701.318635945745	0.219853763338824
408	701.144204834939	0.219744413422569
409	699.7422638734	0.218866532097271
410	695.348262818673	0.216126436646514
411	691.897645122622	0.21398673390663
412	690.028761200579	0.212832296505294
413	684.477281536929	0.209421478461041
414	683.679664221323	0.208933687623644
415	679.628531086148	0.206464956987629
416	678.360983563504	0.205695536382382
417	676.519939064722	0.204580552579307
418	671.746346597868	0.20170365659874
419	670.135135674329	0.200737228157273
420	667.272206760343	0.199025726149169
421	663.502539563663	0.196783338429406
422	662.46851835867	0.196170470868119
423	659.717514129162	0.194544596560767
424	655.236336850467	0.191910657142886
425	651.560821580989	0.18976366943529
426	647.906798322864	0.187641207478073
427	647.026572527615	0.187131706925196
428	644.359191248229	0.185591978106531
429	642.300114448384	0.184407739388915
430	637.204945222389	0.181493643987409
431	634.600233400216	0.1800128882795
432	631.977146605259	0.17852781619714
433	631.153376276671	0.178062704223485
434	627.58060137863	0.176052488085942
435	625.994889221561	0.175163946019893
436	622.492618506018	0.17320943978973
437	619.122149190196	0.171338842105629
438	618.433718638395	0.170958014787404
439	616.509194622245	0.169895650745848
440	613.661663353229	0.168329847887248
441	608.918777558082	0.165737917960957
442	605.755317978284	0.164020305411171
443	604.437305713425	0.163307325820277
444	601.100077383958	0.161508994331043
445	600.342646941334	0.16110222427694
446	598.272553097573	0.159993118519356
447	594.431112947752	0.157945119376557
448	591.473803056905	0.156377466692641
449	590.382479404418	0.155800937395904
450	587.344585772403	0.154201672648069
451	579.05534655016	0.149879866288585
452	576.099399184074	0.148353565922013
453	573.637887310551	0.14708852755847
454	568.247710282604	0.144337285706955
455	566.691003604688	0.143547548964359
456	565.853889892309	0.14312376645586
457	561.197006376476	0.140777690607017
458	553.673577966071	0.137028449286405
459	551.804749541185	0.136104979248901
460	550.527669476362	0.135475713851898
461	549.151746824873	0.134799376673086
462	544.842040763628	0.13269188604724
463	537.910090748804	0.12933692397423
464	534.88404065876	0.127885829638537
465	531.459328236296	0.126253438130402
466	530.487785345069	0.125792260734824
467	526.886148544733	0.124089978133235
468	524.729005065231	0.123075975662206
469	524.502518755916	0.122969753183778
470	521.129866077223	0.121393399050487
471	519.737413957106	0.120745542622006
472	516.511727324805	0.119251408777685
473	513.76067381216	0.117984474024142
474	511.781704429156	0.117077289084723
475	503.651599740376	0.113387082441476
476	502.123740110742	0.112700191824221
477	499.951506454773	0.111727198148027
478	493.616559149815	0.108913718511119
479	490.755980692407	0.107655035127483
480	487.892000104283	0.106402183274742
481	486.943448192955	0.105988854574997
482	483.874365445362	0.104657022470105
483	480.709700616993	0.1032925306104
484	475.771921632315	0.101181417892347
485	470.117305686576	0.0987905997759271
486	463.901266418246	0.0961953903711217
487	461.491473959751	0.0951985884318153
488	455.325073245602	0.0926715180859455
489	451.212204407854	0.0910049092795053
490	448.904928510662	0.090076580738959
491	445.245493824178	0.0886139734565844
492	442.093445044696	0.0873637558378498
493	440.239644550396	0.0866326189338424
494	433.261739345005	0.0839080875944679
495	431.736775943486	0.083318459826381
496	424.983781632476	0.0807323991096928
497	418.306528216623	0.078215428675926
498	413.928630596994	0.0765868272699975
499	411.796586146182	0.0757998993615672
500	404.660312412137	0.0731954980314451
501	403.801065404589	0.0728849845568742
502	395.551132042271	0.0699372270165397
503	394.262016181403	0.0694821137909455
504	383.743924843076	0.0658242881797832
505	0.0000000000173073205454981	0.000000000000000000000000000133894525225066
