ID	singluarvalue	contrib
1	23382.4885124246	146.487993730667
2	5133.20702612594	7.05989320955259
3	4232.48754130661	4.79967629862663
4	3285.80989496563	2.89271360373547
5	3070.68069438104	2.5263288919369
6	2590.03188896008	1.79734229481801
7	2576.7586612342	1.77896769142213
8	2533.30510000766	1.71947381519624
9	2509.78764088666	1.68769717882207
10	2492.8216104056	1.66495681563403
11	2479.95713810141	1.64781678140636
12	2460.27415555957	1.62176372010363
13	2441.91401480099	1.59764875955538
14	2425.76671456689	1.57658952521613
15	2419.34891130812	1.56825825698994
16	2414.40799765562	1.56185924915715
17	2402.05451502192	1.5459174194647
18	2389.34580366262	1.52960251461596
19	2386.43762522297	1.52588128690469
20	2374.17465181946	1.51023975912442
21	2367.8650748396	1.50222323686088
22	2357.55243834086	1.4891666257712
23	2349.50257984276	1.47901447421193
24	2344.45288517011	1.47266372948849
25	2339.45774762328	1.46639504194269
26	2330.83609896114	1.45560669016111
27	2326.27655490384	1.44991739151364
28	2314.08708197515	1.43476233661919
29	2310.55677247951	1.43038800558589
30	2310.01131437367	1.4297127357568
31	2306.44782514323	1.42530510689428
32	2302.9936421217	1.42103917201676
33	2297.90146296988	1.41476196316913
34	2290.26684312187	1.40537668110591
35	2284.50992371793	1.39832032275362
36	2280.9439067518	1.39395829994601
37	2274.39697102379	1.38596769738579
38	2266.97585615142	1.37693792334104
39	2264.85906112654	1.37436768463704
40	2258.84476838911	1.36707815848677
41	2256.86492469771	1.36468276154945
42	2244.95480200723	1.35031712392947
43	2241.93330589386	1.34668477257294
44	2237.67967607443	1.34157947855897
45	2225.16302995993	1.32661298284849
46	2223.89794046198	1.32510495215971
47	2215.66590396339	1.31531302520926
48	2213.16699341651	1.31234778025101
49	2209.2961536174	1.30776118948874
50	2200.44225050166	1.2973003108426
51	2197.08105652925	1.29334006362331
52	2192.01350023059	1.28738077951083
53	2187.56015604293	1.28215514936499
54	2180.97394875944	1.27444626205426
55	2178.56899057154	1.27163715001169
56	2172.65102447104	1.26473786496554
57	2171.59845598287	1.26351272503885
58	2161.91935515705	1.25227454018296
59	2159.78891890023	1.24980767983716
60	2157.21546074553	1.24683108193148
61	2152.77311052834	1.24170117502568
62	2148.97731533572	1.23732627076439
63	2142.35550928784	1.22971268531205
64	2139.00888454365	1.22587375894249
65	2134.8062620033	1.22106141464639
66	2128.6409976847	1.21401881229776
67	2125.55094194065	1.21049669377573
68	2123.57657767197	1.20824894577914
69	2119.78325781321	1.20393623933508
70	2115.41784002536	1.19898264518254
71	2113.46975224043	1.19677537632277
72	2108.7851956948	1.19147589323451
73	2104.03139226878	1.18611009494329
74	2097.88900936202	1.17919488644213
75	2094.28531849983	1.17514719466641
76	2092.160054382	1.17276334474558
77	2083.21968288424	1.16276168406716
78	2078.93992047785	1.15798904094313
79	2075.30856650842	1.15394717759501
80	2073.58031246681	1.15202603343014
81	2068.09122049087	1.14593491936155
82	2065.74425161745	1.14333547163079
83	2063.8710223556	1.14126284488298
84	2058.88013347315	1.13574987532129
85	2058.44282518382	1.1352674576418
86	2055.96408124176	1.13253496200049
87	2051.18704830977	1.12727818576667
88	2042.01604075124	1.11722043391576
89	2037.9333063317	1.11275743816664
90	2034.61940619421	1.10914145247729
91	2032.90213920148	1.10726995926513
92	2030.31793052937	1.10445664339401
93	2022.13966507099	1.09557690330558
94	2019.64947436764	1.09288023934087
95	2016.15595618939	1.08910265821783
96	2011.14415639736	1.08369476285657
97	2007.60323593818	1.07988210835863
98	2003.47589377138	1.07544650936861
99	1999.28414629163	1.07095103796751
100	1991.86286673502	1.06301512148708
101	1990.65021233995	1.06172117943409
102	1986.89498586475	1.05771922785876
103	1985.6047686479	1.0563459852074
104	1979.4429493172	1.04979995582541
105	1975.51141290201	1.04563390704608
106	1970.92335791537	1.04078265191825
107	1966.44212347901	1.03605523433756
108	1963.89272204049	1.03337058016126
109	1961.18756765973	1.03052571837532
110	1957.23145968438	1.02637235829095
111	1952.75129001993	1.02167893337904
112	1947.43039411631	1.01611873645957
113	1946.22040626171	1.01485644808551
114	1943.35552060161	1.01187085841892
115	1941.13964251642	1.00956463690542
116	1935.32458325687	1.00352500463421
117	1931.08891423362	0.999137163584488
118	1927.43977101103	0.995364629137638
119	1923.93770037263	0.991750850392892
120	1922.11190236149	0.989869419882812
121	1920.38220389578	0.988088664843753
122	1915.9163642706	0.983498417432911
123	1914.05982334699	0.981593302538813
124	1909.46589446136	0.976887119054406
125	1908.42387134945	0.975821207160682
126	1902.76471761453	0.970042475831908
127	1899.08843457794	0.966297708408564
128	1895.6544981628	0.962806343988395
129	1890.23821879369	0.957312327839503
130	1888.67755773906	0.955732184891564
131	1883.58556279636	0.950585702240029
132	1883.1281919953	0.950124117306034
133	1877.44704096348	0.944399964901861
134	1876.75602944575	0.943704902785307
135	1870.41167200239	0.937335314741149
136	1865.50272267386	0.932421644163646
137	1858.33397741849	0.925269202121177
138	1857.12322989455	0.92406392635373
139	1856.62223040114	0.923565420809949
140	1854.33514475203	0.921291428631742
141	1852.42050921821	0.919389909737259
142	1845.86365743441	0.912892859624589
143	1842.93005135871	0.909993468957157
144	1840.13650358708	0.907236789682807
145	1838.93014861498	0.9060476487024
146	1834.4176030033	0.901606408925051
147	1832.71833234973	0.899936817760233
148	1828.22877885401	0.895533123315684
149	1824.77010306757	0.892147957360375
150	1822.64331089636	0.890069550268178
151	1814.57688197193	0.88220866465548
152	1813.34620771465	0.881012415181877
153	1809.62246394755	0.877397776102154
154	1807.05698425384	0.874911787280465
155	1804.56033179855	0.872495879295437
156	1800.31342549284	0.868393995887147
157	1798.68628186404	0.866824976632816
158	1795.79021887702	0.86403587574692
159	1789.60974291424	0.858098697289915
160	1789.10377554085	0.857613554011772
161	1784.27766536814	0.852992966700222
162	1780.3364192905	0.84922881912304
163	1777.76129070268	0.846773899020872
164	1774.59171315885	0.843757157721212
165	1768.38117079563	0.837861694576356
166	1767.81480139671	0.837325087152012
167	1765.06758481354	0.834724672223296
168	1759.88900394708	0.829833813624538
169	1757.99409846118	0.828047780419576
170	1754.42957997997	0.824693276229226
171	1749.8976619328	0.820438200691804
172	1745.22096155937	0.816058725824709
173	1744.20355496481	0.815107532205933
174	1741.94022267966	0.81299348741432
175	1736.13494807886	0.807583673789728
176	1734.65695173224	0.806209244164862
177	1731.75813591705	0.803516954648471
178	1729.90096603065	0.80179446547098
179	1725.70039501363	0.79790533476088
180	1724.65330594368	0.796937351570703
181	1722.18408073782	0.79465699863883
182	1716.18615145019	0.789131460875991
183	1714.71108728398	0.787775524864903
184	1713.13223992285	0.786325479193664
185	1711.36836950701	0.784707084313962
186	1706.4603167898	0.780212597805498
187	1704.48137156814	0.778404055636032
188	1697.09906317976	0.771675939179237
189	1696.12851570718	0.770793569973894
190	1693.5895530734	0.768487670026265
191	1688.10394291073	0.763517402619215
192	1685.53930975132	0.761199234222071
193	1684.35685109468	0.760131598600359
194	1682.28759743127	0.758265083286615
195	1680.17402658479	0.756360961518264
196	1678.04520339012	0.754445518621369
197	1671.21409462127	0.748315517641853
198	1667.8556339415	0.745310919958056
199	1666.74897345865	0.744322186296855
200	1662.96741311663	0.740948545421935
201	1659.79544295353	0.738124647380207
202	1656.05468546962	0.734801305518718
203	1654.86227561145	0.733743527791361
204	1648.64037936365	0.728236490761388
205	1647.57192743716	0.727292884672289
206	1643.8496842173	0.724010353676593
207	1641.33823142231	0.721799775857619
208	1638.11525580803	0.718967868336334
209	1634.13070045734	0.715474483944323
210	1632.58389034771	0.714120639503761
211	1631.14457001157	0.712862026971087
212	1628.20370952618	0.710293845173583
213	1625.38459783345	0.707836334270798
214	1622.03369462626	0.704920782969259
215	1619.1057435502	0.702378159198817
216	1615.98431757713	0.699672581646988
217	1615.2541021206	0.699040401872553
218	1611.20108588664	0.695536720916448
219	1610.85736656632	0.695239993325346
220	1609.12950745845	0.693749318216705
221	1600.63940570025	0.686447899852458
222	1595.96433822371	0.682443870439736
223	1593.07071436262	0.679971452184379
224	1590.47079073942	0.677753808958902
225	1586.12054138652	0.674051300415292
226	1585.35997731207	0.673405023821676
227	1582.63397038821	0.671091191573874
228	1579.63091505901	0.668546810531146
229	1577.82352993477	0.667017807421802
230	1575.56800637917	0.665112145586712
231	1569.52559077068	0.660020422931348
232	1566.76246687059	0.657698558410041
233	1564.23906708541	0.655581709244165
234	1563.52480064635	0.65498313948096
235	1560.98460980756	0.652856622994022
236	1559.68354082131	0.65176877432435
237	1557.47997991333	0.649928404023745
238	1553.83509655743	0.646889981269995
239	1550.33829644994	0.643981693676346
240	1546.46553155354	0.640768363148664
241	1543.56367232054	0.638365884719514
242	1542.46525571874	0.637457671847483
243	1537.58786272482	0.633432665883464
244	1534.88060799201	0.631204040214978
245	1532.5252322936	0.629268278029625
246	1526.87936123051	0.624640330334525
247	1523.17443125667	0.621612663563159
248	1522.64074446969	0.6211771410911
249	1520.33531338973	0.619297515926602
250	1514.6005265095	0.614634280205969
251	1511.25118681578	0.611918920250177
252	1508.15762417657	0.609416262834296
253	1506.33659301411	0.607945466954641
254	1504.67863201315	0.606607923704762
255	1498.91516336424	0.601969763927089
256	1495.51254160841	0.599239855504142
257	1494.36762473356	0.598322688736075
258	1491.49370286302	0.596023550082113
259	1490.21806274052	0.595004455714469
260	1485.77484505736	0.591461627828145
261	1483.75440718774	0.589854117841961
262	1482.61435172691	0.588948027107254
263	1479.04674972711	0.586117076241527
264	1474.78159727583	0.582741558579992
265	1472.99359009886	0.581329397661204
266	1469.69935884844	0.578732112686516
267	1465.07481317292	0.575095773942071
268	1463.03846758997	0.573498203822519
269	1460.37021437364	0.57140824780925
270	1455.79596858708	0.567834265998953
271	1453.18403395813	0.565798519902188
272	1451.13613579942	0.564204941562179
273	1448.52220715396	0.562174169737476
274	1445.62519817466	0.559927749204982
275	1444.33576497402	0.558929333516723
276	1439.92418282019	0.555520158147126
277	1437.79605202053	0.553879313519486
278	1436.53955109248	0.552911657818194
279	1431.06277309639	0.548703765355811
280	1429.22341705114	0.547294165440331
281	1427.19282471463	0.545740116081913
282	1426.32794291994	0.545078877227342
283	1423.21598152617	0.54270296644667
284	1420.49375874278	0.540628867353009
285	1416.70005380768	0.53774501431187
286	1413.42105092782	0.535258634964212
287	1411.83924923129	0.534061257512122
288	1409.64969789001	0.532406043865921
289	1405.70005439223	0.529426767276321
290	1404.22331667995	0.528314988410652
291	1397.4209158151	0.523208812428816
292	1393.27216528463	0.520106754038471
293	1392.73510274674	0.519705861773734
294	1389.52888622049	0.517315785532609
295	1388.1447159934	0.516285657307719
296	1385.47107377935	0.514298784059171
297	1380.75729591867	0.510805147568821
298	1377.10531733807	0.508106653792312
299	1376.13687241749	0.507392256313354
300	1372.19972189116	0.504493094127465
301	1369.91765475215	0.502816472631554
302	1367.57831268662	0.501100668180546
303	1365.80018184282	0.499798449082569
304	1361.02031951289	0.496306302133481
305	1358.75495940137	0.494655515883189
306	1357.33801304601	0.493624373561832
307	1354.63548867659	0.491660671336317
308	1350.44837171204	0.488625966912465
309	1347.8004092166	0.486711647555063
310	1345.16713835417	0.484811675448211
311	1343.08006941952	0.48330844152134
312	1339.1598268371	0.480491154260394
313	1336.99284200293	0.478937382124126
314	1336.5469168027	0.478617956880504
315	1333.90901841879	0.476730556450405
316	1329.27180616439	0.473421697901901
317	1327.05998566671	0.471847523774116
318	1325.36474520744	0.470642779282816
319	1321.84300794789	0.468144933911215
320	1319.571247549	0.466537179855568
321	1318.82412719645	0.466009037478227
322	1313.15597484953	0.462011940475638
323	1310.97826310541	0.460480828291051
324	1306.1822497914	0.45711779388133
325	1302.8239581299	0.454770247966024
326	1299.49503295731	0.452449194545915
327	1298.20273283768	0.451549753760071
328	1295.71813207903	0.449822986094336
329	1292.17192683686	0.447364146139875
330	1290.77389272352	0.446396640206951
331	1288.25849447428	0.44465850273683
332	1285.56133179822	0.442798533098935
333	1283.33551210055	0.441266538555901
334	1278.88976612817	0.438214552627233
335	1276.2677198501	0.436419494166308
336	1274.91207693364	0.435492862904668
337	1272.83601712747	0.434075709327336
338	1268.54938981112	0.431156892571643
339	1267.96752791281	0.430761454704982
340	1266.5814018962	0.429820163574475
341	1260.02591798089	0.425382411068936
342	1258.44429445833	0.424315174972612
343	1257.54215932507	0.423707039317678
344	1257.38682756484	0.42360237309237
345	1248.90446439881	0.417906386223844
346	1246.81547656637	0.416509527992955
347	1245.2362284638	0.415455073153621
348	1242.29527471508	0.413494977092921
349	1240.19262116825	0.412096435356512
350	1234.84128649699	0.408547779882544
351	1233.91975002156	0.407938225924058
352	1228.00332992142	0.40403562578818
353	1225.31694314341	0.402269818273683
354	1223.60188243807	0.401144502365922
355	1220.70055024561	0.399244417632335
356	1217.77085482605	0.397330334875213
357	1214.95008542474	0.395491763691319
358	1211.67251123161	0.393360803480942
359	1209.09120049399	0.391686580649342
360	1207.17300368273	0.390444762060576
361	1202.90452552299	0.387688473714317
362	1201.55876190468	0.386821496855618
363	1199.19719161879	0.385302455974376
364	1195.44547339825	0.38289537056606
365	1191.10064135294	0.380117171280883
366	1188.92449278261	0.378729487036418
367	1185.57609834465	0.376599242473034
368	1184.23805863086	0.375749663285021
369	1180.60508122282	0.373447767762495
370	1178.28350746284	0.371980496243427
371	1175.46584229463	0.37020356686356
372	1175.24855150546	0.370066711521168
373	1171.36614637553	0.36762573720167
374	1169.32537868071	0.366345889404673
375	1166.59599725749	0.364637672466253
376	1164.72673604356	0.363470075480751
377	1159.37855983194	0.360139785276122
378	1157.87023067114	0.359203324992203
379	1154.21090615418	0.356936465678781
380	1151.56802556173	0.355303730387071
381	1148.29584056452	0.353287405313251
382	1147.53250107903	0.35281785978113
383	1141.70687330568	0.349244682937231
384	1141.25834996836	0.348970332970073
385	1138.32178222818	0.347176774833735
386	1137.23524513493	0.346514325217612
387	1135.75517077491	0.345612958098431
388	1133.9035672524	0.344486982101843
389	1131.17981690659	0.342833985105632
390	1127.72349141161	0.340742123985666
391	1127.03603923533	0.340326822682183
392	1119.69888032434	0.335910097958171
393	1117.78751333322	0.334764255115563
394	1114.21121092181	0.332625560631711
395	1112.55152030306	0.331635363520626
396	1109.73326220467	0.32995732839407
397	1107.19868274973	0.328451835037714
398	1104.29138988233	0.32672919574645
399	1101.4538668387	0.325052264245961
400	1095.463431486	0.321526180149555
401	1094.2333823687	0.32080452949172
402	1090.96101329353	0.31888862908532
403	1089.64081108213	0.318117304101537
404	1087.5751117118	0.316912298153398
405	1085.09455075776	0.315468308187938
406	1083.61248877927	0.314607140300661
407	1078.14403269691	0.311439819316032
408	1073.55534571938	0.308794423886049
409	1071.14168513043	0.307407467765358
410	1070.11391706161	0.306817831475757
411	1065.97334254361	0.304448094382735
412	1064.65713313739	0.303696724649857
413	1058.10428790123	0.299969790933271
414	1057.11380979402	0.299408457892606
415	1054.11729927711	0.297713448322389
416	1053.3200670208	0.297263295362661
417	1048.2027100266	0.294381916352441
418	1047.2912438895	0.293870178523645
419	1042.38631368667	0.29112397524034
420	1037.86551878628	0.288604261006161
421	1035.94701438505	0.287538271654674
422	1030.73073630224	0.284649893367842
423	1025.87574522685	0.281974669023539
424	1024.42675553209	0.281178685991636
425	1023.54334538376	0.280693948548605
426	1022.31573129738	0.280021036739197
427	1018.68086485447	0.278033334576624
428	1015.29744571578	0.276189496875315
429	1012.0251702143	0.274412063634634
430	1010.13482520405	0.273387881581316
431	1009.30633731545	0.272939613372271
432	1005.86626145196	0.27108223304616
433	998.607668379611	0.26718394941952
434	996.569462017063	0.266094391848611
435	994.352794167598	0.264911961696972
436	990.217878717516	0.262713323470159
437	986.805911610248	0.260905994113859
438	982.545738828708	0.258658124811993
439	981.1579406642	0.257927956747214
440	980.272580288345	0.257462677607425
441	977.980403078783	0.256260032306407
442	973.787291592162	0.25406730256791
443	969.816736158911	0.251999640189496
444	967.515171537575	0.250804970689687
445	966.53544429671	0.250297286555796
446	961.794334230389	0.247847761323654
447	956.374236959205	0.245062189099892
448	953.480713215795	0.243581554115015
449	950.974570407643	0.242302770195258
450	948.166820094036	0.240874085622374
451	946.419976080924	0.239987360110278
452	945.474805490595	0.239508258367331
453	942.810633391698	0.23816038065652
454	939.982236986722	0.236733579694867
455	929.424591963751	0.231445579623929
456	928.979182175383	0.231223800630823
457	925.772428365402	0.22963022768538
458	923.104621288804	0.228308679436762
459	920.352716667626	0.226949467935691
460	918.012839035876	0.225796955575205
461	914.371977318932	0.224009474549012
462	909.431715549962	0.221595411414615
463	905.889022690274	0.219872323474584
464	902.170930557685	0.218071158280519
465	898.761720030037	0.216426135697224
466	893.298415734544	0.21380295298577
467	890.644879873506	0.212534639591984
468	887.913578562268	0.211233097165898
469	882.043480630909	0.2084493573032
470	880.101978725908	0.207532714468636
471	879.580810766414	0.207286998904554
472	875.727653972592	0.205474863269504
473	870.986605529604	0.203256070048769
474	868.305702301391	0.202006748342538
475	865.801897309068	0.200843433915048
476	859.045541573402	0.19772106821204
477	856.177594165418	0.196403077405861
478	854.061140247148	0.19543326859136
479	849.02685915631	0.193136088089698
480	843.34168803579	0.190558229688877
481	841.151334456373	0.189569667455311
482	833.793269199709	0.1862676097781
483	829.909982604908	0.184536614509584
484	825.720134533529	0.182678030634564
485	821.699960058179	0.180903555848978
486	815.864892300128	0.178343408371496
487	811.204536261564	0.176311773054988
488	805.208606953514	0.173715027190269
489	802.372540579504	0.172493481075113
490	799.525294884417	0.171271455398267
491	798.233495940524	0.170718453384772
492	795.489889643644	0.16954691827638
493	792.822410742776	0.168411757271232
494	788.181039629534	0.166445684065864
495	775.431533825555	0.161104431963403
496	770.19371075467	0.158935351821317
497	764.920488258236	0.156766462669088
498	760.629755880288	0.155012668931451
499	756.216280997272	0.153218998155451
500	746.718006103358	0.149394228381585
501	744.834519287819	0.148641528742206
502	730.520364741738	0.142983270401144
503	720.3997810987	0.139048950758755
504	716.425843869473	0.137519112071367
505	0.0000000000254574584881059	0.000000000000000000000000000173640353078346
