chr	uniq	uniqGC%	uniqGC	total	totalGC
1	1196931	0.395033	17021797	1217769	17314621
2	1324524	0.381571	18194391	1346978	18499323
3	1102323	0.376843	14954494	1120971	15203601
4	1060185	0.361165	13784472	1078106	14014062
5	987477	0.375427	13346101	1004072	13567615
6	940592	0.374758	12689788	957999	12923539
7	803318	0.382028	11048048	816895	11232561
8	800322	0.380485	10962389	813721	11143471
9	600171	0.393117	8493748	610248	8633944
10	704139	0.395228	10018636	715855	10182223
11	699907	0.396656	9994415	711277	10153901
12	708700	0.384429	9808004	720562	9969415
13	548874	0.364593	7204161	558134	7324225
14	482942	0.386113	6712931	491018	6823508
15	424321	0.399349	6100277	431298	6198357
16	376378	0.423547	5738893	382602	5832712
17	366236	0.429801	5666709	372126	5756091
18	431985	0.378235	5882102	439303	5980743
19	207275	0.460687	3437603	210333	3487332
20	323292	0.421545	4906152	328560	4985006
21	188068	0.388817	2632465	191521	2684760
22	156544	0.460965	2597806	158937	2637069
23	719175	0.373025	9657726	731154	9816122
24	2520	0.381922	34648	2575	35533
25	96	0.446181	1542	97	1555
>no_N_Reads	22902054
>totalMapped	15412014
>uniqMapped	15156199
>redundancy	0.016598
