chr	uniq	uniqGC%	uniqGC	p_uniq	p_uniqGC%	p_uniqGC	q_uniq	q_uniqGC%	q_uniqGC
1	1460680	0.391622	20593262	782306	0.398461	11221856	678374	0.391622	9371406
2	1634547	0.378502	22272461	616454	0.383792	8517249	1018093	0.378502	13755212
3	1360923	0.373756	18311494	627744	0.380396	8596494	733179	0.373756	9715000
4	1320587	0.358085	17023773	335113	0.378373	4564712	985474	0.358085	12459061
5	1226793	0.372350	16444682	318969	0.369000	4237185	907824	0.372350	12207497
6	1161182	0.371828	15543376	387950	0.391861	5472807	773232	0.371828	10070569
7	990475	0.378763	13505573	380673	0.383927	5261421	609802	0.378763	8244152
8	989271	0.377679	13450573	283579	0.389858	3979996	705692	0.377679	9470577
9	732068	0.389550	10266369	269535	0.366270	3554010	462533	0.389550	6712359
10	857974	0.392109	12111097	252590	0.384515	3496489	605384	0.392109	8614608
11	858006	0.392635	12127802	331868	0.387455	4629016	526138	0.392635	7498786
12	868544	0.381237	11920364	229551	0.377461	3119279	638993	0.381237	8801085
13	686638	0.361559	8937359	NA	NA	NA	686638	0.361559	8937359
14	592037	0.382369	8149555	NA	NA	NA	592037	0.382369	8149555
15	512243	0.396239	7306942	NA	NA	NA	512243	0.396239	7306942
16	455070	0.419493	6872351	169961	0.433118	2650076	285109	0.419493	4222275
17	439460	0.425823	6736759	116707	0.432105	1815467	322753	0.425823	4921292
18	534350	0.375512	7223570	96085	0.385655	1334003	438265	0.375512	5889567
19	248875	0.455860	4084281	96861	0.473155	1649890	152014	0.455860	2434391
20	389283	0.418080	5859050	179368	0.397263	2565226	209915	0.418080	3293824
21	230338	0.384658	3189650	3969	0.460604	65813	226369	0.384658	3123837
22	185443	0.457374	3053404	NA	NA	NA	185443	0.457374	3053404
23	932468	0.370678	12443241	363949	0.375217	4916160	568519	0.370678	7527081
24	521	0.390382	7322	138	0.385064	1913	383	0.390382	5409
25	74	0.434685	1158	NA	NA	NA	74	0.434685	1158
>no_N_Reads	28260551
>totalMapped	19010723
>uniqMapped	18667776
>redundancy	0.018040
