chr	uniq	uniqGC%	uniqGC	p_uniq	p_uniqGC%	p_uniqGC	q_uniq	q_uniqGC%	q_uniqGC
1	1235736	0.393753	17516684	662256	0.400858	9556953	573480	0.393753	7959731
2	1385861	0.380497	18983371	523756	0.386025	7278590	862105	0.380497	11704781
3	1151612	0.375643	15573421	531777	0.382078	7314487	619835	0.375643	8258934
4	1119285	0.360047	14507817	283807	0.380603	3888644	835478	0.360047	10619173
5	1038556	0.374336	13995684	268727	0.371284	3591869	769829	0.374336	10403815
6	983533	0.373787	13234734	329556	0.394287	4677829	653977	0.373787	8556905
7	840283	0.380791	11519010	322796	0.386219	4488116	517487	0.380791	7030894
8	840414	0.379654	11486398	240782	0.392041	3398269	599632	0.379654	8088129
9	621845	0.391790	8770766	227798	0.367881	3016896	394047	0.391790	5753870
10	729404	0.394324	10354379	214373	0.386497	2982764	515031	0.394324	7371615
11	726520	0.395597	10346717	281000	0.390271	3947979	445520	0.395597	6398738
12	735560	0.383502	10155205	193701	0.379895	2649100	541859	0.383502	7506105
13	579322	0.363316	7577164	NA	NA	NA	579322	0.363316	7577164
14	501936	0.384956	6956044	NA	NA	NA	501936	0.384956	6956044
15	433650	0.398817	6226086	NA	NA	NA	433650	0.398817	6226086
16	388860	0.422814	5918957	145638	0.436578	2288967	243222	0.422814	3629990
17	372768	0.429119	5758632	98728	0.435179	1546715	274040	0.429119	4211917
18	452626	0.377454	6150442	81093	0.387824	1132193	371533	0.377454	5018249
19	211378	0.459908	3499717	82641	0.477192	1419681	128737	0.459908	2080036
20	331362	0.420948	5021505	151646	0.400211	2184857	179716	0.420948	2836648
21	195041	0.387021	2717458	3190	0.446421	51267	191851	0.387021	2666191
22	159166	0.460413	2638157	NA	NA	NA	159166	0.460413	2638157
23	737789	0.372386	9890710	286409	0.377313	3890374	451380	0.372386	6000336
24	3954	0.382461	54441	1037	0.397541	14841	2917	0.382461	39600
25	93	0.460872	1543	NA	NA	NA	93	0.460872	1543
>no_N_Reads	23884551
>totalMapped	16042370
>uniqMapped	15776461
>redundancy	0.016575
