chr	uniq	uniqGC%	uniqGC	total	totalGC
1	1293696	0.394576	18376630	1317116	18704641
2	1439876	0.381194	19759373	1464588	20093967
3	1195632	0.376296	16196794	1216391	16473388
4	1149904	0.360507	14923755	1170160	15183031
5	1075699	0.374639	14507958	1094549	14757844
6	1022003	0.374397	13774872	1042007	14042036
7	872361	0.381322	11975413	887616	12182184
8	870041	0.380232	11909419	885196	12113237
9	648823	0.392601	9170222	660020	9325712
10	761895	0.394799	10828639	775033	11011488
11	758989	0.396216	10826040	771873	11005451
12	766729	0.383862	10595453	779854	10773506
13	598651	0.363750	7839339	609083	7974364
14	523639	0.385621	7269348	532633	7391448
15	456784	0.399062	6562272	464626	6672833
16	405724	0.423392	6184089	412452	6284540
17	395571	0.430137	6125386	402114	6224878
18	468892	0.377454	6371473	477046	6480324
19	226023	0.460854	3749891	229643	3808160
20	348091	0.421854	5286372	354024	5375595
21	203955	0.387569	2845678	207814	2903020
22	169270	0.460833	2808190	172021	2853022
23	815984	0.372732	10949150	830129	11135820
24	2818	0.378066	38354	2876	39168
25	97	0.448167	1565	100	1614
>no_N_Reads	24888393
>totalMapped	16758864
>uniqMapped	16471050
>redundancy	0.017174
