chr	uniq	uniqGC%	uniqGC	p_uniq	p_uniqGC%	p_uniqGC	q_uniq	q_uniqGC%	q_uniqGC
1	1153972	0.393059	16328843	619384	0.399936	8917707	534588	0.393059	7411136
2	1292785	0.379569	17665219	487209	0.384807	6749340	805576	0.379569	10915879
3	1079093	0.374781	14559252	496864	0.381313	6820580	582229	0.374781	7738672
4	1043772	0.359251	13499134	265464	0.379957	3631132	778308	0.359251	9868002
5	967309	0.373511	13006814	251014	0.370463	3347687	716295	0.373511	9659127
6	920302	0.373009	12358106	309053	0.393232	4375065	611249	0.373009	7983041
7	785908	0.380222	10757515	301428	0.385483	4183029	484480	0.380222	6574486
8	783673	0.378639	10682254	224758	0.390801	3162086	558915	0.378639	7520168
9	580062	0.391086	8166749	212380	0.367138	2807020	367682	0.391086	5359729
10	677296	0.393554	9595897	199397	0.385503	2767251	477899	0.393554	6828646
11	680527	0.394316	9660330	264408	0.388727	3700172	416119	0.394316	5960158
12	687547	0.382571	9469283	180419	0.378897	2460967	507128	0.382571	7008316
13	547858	0.362837	7156186	NA	NA	NA	547858	0.362837	7156186
14	468175	0.384008	6472192	NA	NA	NA	468175	0.384008	6472192
15	403576	0.397777	5779193	NA	NA	NA	403576	0.397777	5779193
16	360917	0.421656	5478582	134717	0.435542	2112296	226200	0.421656	3366286
17	349299	0.427820	5379733	92591	0.434879	1449572	256708	0.427820	3930161
18	420550	0.376848	5705404	75898	0.386950	1057274	344652	0.376848	4648130
19	199164	0.459129	3291911	77736	0.477318	1335772	121428	0.459129	1956139
20	310519	0.420206	4697353	143520	0.399664	2064953	166999	0.420206	2632400
21	182186	0.386218	2533086	3237	0.457102	53267	178949	0.386218	2479819
22	147632	0.459023	2439594	NA	NA	NA	147632	0.459023	2439594
23	706273	0.371655	9449624	275439	0.376548	3733774	430834	0.371655	5715850
24	2123	0.379939	29038	561	0.384631	7768	1562	0.379939	21270
25	179	0.430168	2772	NA	NA	NA	179	0.430168	2772
>no_N_Reads	22176267
>totalMapped	14993117
>uniqMapped	14750518
>redundancy	0.016181
