chr	uniq	uniqGC%	uniqGC	p_uniq	p_uniqGC%	p_uniqGC	q_uniq	q_uniqGC%	q_uniqGC
1	1196931	0.395033	17021797	644237	0.402328	9330996	552694	0.395033	7690801
2	1324524	0.381571	18194391	502068	0.386703	6989447	822456	0.381571	11204944
3	1102323	0.376843	14954494	508091	0.383724	7018794	594232	0.376843	7935700
4	1060185	0.361165	13784472	270871	0.382523	3730114	789314	0.361165	10054358
5	987477	0.375427	13346101	254828	0.372676	3418858	732649	0.375427	9927243
6	940592	0.374758	12689788	320169	0.394987	4552657	620423	0.374758	8137131
7	803318	0.382028	11048048	310201	0.387205	4324005	493117	0.382028	6724043
8	800322	0.380485	10962389	230776	0.393101	3265855	569546	0.380485	7696534
9	600171	0.393117	8493748	216711	0.369138	2879867	383460	0.393117	5613881
10	704139	0.395228	10018636	208457	0.386961	2903934	495682	0.395228	7114702
11	699907	0.396656	9994415	270054	0.391627	3807378	429853	0.396656	6187037
12	708700	0.384429	9808004	188073	0.380880	2578800	520627	0.384429	7229204
13	548874	0.364593	7204161	NA	NA	NA	548874	0.364593	7204161
14	482942	0.386113	6712931	NA	NA	NA	482942	0.386113	6712931
15	424321	0.399349	6100277	NA	NA	NA	424321	0.399349	6100277
16	376378	0.423547	5738893	140447	0.437486	2211969	235931	0.423547	3526924
17	366236	0.429801	5666709	96729	0.436109	1518639	269507	0.429801	4148070
18	431985	0.378235	5882102	78616	0.388193	1098654	353369	0.378235	4783448
19	207275	0.460687	3437603	80746	0.478084	1389720	126529	0.460687	2047883
20	323292	0.421545	4906152	147631	0.400553	2128824	175661	0.421545	2777328
21	188068	0.388817	2632465	3430	0.462723	57137	184638	0.388817	2575328
22	156544	0.460965	2597806	NA	NA	NA	156544	0.460965	2597806
23	719175	0.373025	9657726	280238	0.377722	3810671	438937	0.373025	5847055
24	2520	0.381922	34648	683	0.389540	9578	1837	0.381922	25070
25	96	0.446181	1542	NA	NA	NA	96	0.446181	1542
>no_N_Reads	22902054
>totalMapped	15412014
>uniqMapped	15156199
>redundancy	0.016598
