chr	uniq	uniqGC%	uniqGC	p_uniq	p_uniqGC%	p_uniqGC	q_uniq	q_uniqGC%	q_uniqGC
1	1454104	0.393225	20584424	778925	0.400251	11223561	675179	0.393225	9360863
2	1627310	0.379938	22257956	614800	0.385419	8530393	1012510	0.379938	13727563
3	1353311	0.375301	18284354	624179	0.381979	8583239	729132	0.375301	9701115
4	1311609	0.359429	16971496	333356	0.380482	4566099	978253	0.359429	12405397
5	1218876	0.373766	16400663	315878	0.370644	4214820	902998	0.373766	12185843
6	1158209	0.373309	15565309	389051	0.393621	5512988	769158	0.373309	10052321
7	985877	0.380130	13491404	380461	0.384982	5272941	605416	0.380130	8218463
8	984618	0.379090	13437334	281798	0.391720	3973895	702820	0.379090	9463439
9	727962	0.391284	10254226	266214	0.367154	3518696	461748	0.391284	6735530
10	855991	0.393934	12139328	252457	0.386044	3508541	603534	0.393934	8630787
11	855617	0.394657	12156300	331130	0.389308	4640812	524487	0.394657	7515488
12	865875	0.382834	11933516	227035	0.379336	3100414	638840	0.382834	8833102
13	679993	0.362693	8878623	NA	NA	NA	679993	0.362693	8878623
14	588459	0.384399	8143318	NA	NA	NA	588459	0.384399	8143318
15	510670	0.398162	7319858	NA	NA	NA	510670	0.398162	7319858
16	454182	0.421744	6895749	169483	0.436326	2662195	284699	0.421744	4233554
17	440468	0.428429	6793537	115931	0.434468	1813258	324537	0.428429	4980279
18	529614	0.376853	7185114	95437	0.386683	1328540	434177	0.376853	5856574
19	251020	0.458503	4143360	97981	0.475929	1678752	153039	0.458503	2464608
20	389028	0.419972	5881706	178497	0.399228	2565393	210531	0.419972	3316313
21	229428	0.385540	3184328	3798	0.449879	61511	225630	0.385540	3122817
22	186450	0.458992	3080845	NA	NA	NA	186450	0.458992	3080845
23	873173	0.371882	11689830	340417	0.376608	4615341	532756	0.371882	7074489
24	4113	0.379441	56183	1054	0.394529	14970	3059	0.379441	41213
25	107	0.464694	1790	NA	NA	NA	107	0.464694	1790
>no_N_Reads	27959391
>totalMapped	18879440
>uniqMapped	18535957
>redundancy	0.018193
