chr	uniq	uniqGC%	uniqGC	total	totalGC
1	1358832	0.392806	19215251	1383957	19565704
2	1520582	0.379491	20773685	1547619	21138106
3	1266707	0.374719	17087709	1289418	17387840
4	1226799	0.359188	15863459	1249095	16146204
5	1139820	0.373226	15314781	1160350	15585865
6	1080569	0.372850	14504061	1100661	14770742
7	921182	0.379738	12593089	937998	12819643
8	917231	0.378507	12498416	933848	12720689
9	682642	0.390464	9595689	694661	9761287
10	797855	0.392749	11280852	811875	11474857
11	798306	0.393947	11321640	812269	11515665
12	808913	0.382281	11132341	823282	11325600
13	635234	0.362512	8290081	646775	8438682
14	550775	0.383506	7604113	560588	7736664
15	477281	0.397549	6830728	485588	6947837
16	422654	0.420730	6401634	430081	6511959
17	409226	0.427009	6290761	416209	6395707
18	496302	0.376549	6727751	505158	6845860
19	232364	0.457565	3827580	236186	3889268
20	362578	0.419222	5472026	368807	5564866
21	213854	0.385269	2966090	218078	3027287
22	173618	0.458491	2865685	176553	2912906
23	817662	0.371611	10938687	832024	11127724
24	3897	0.371946	52181	3978	53362
25	102	0.454793	1670	103	1688
>no_N_Reads	26109172
>totalMapped	17625058
>uniqMapped	17314883
>redundancy	0.017599
