chr	uniq	uniqGC%	uniqGC	total	totalGC
1	1386941	0.392764	19610648	1412161	19961174
2	1554610	0.379508	21239529	1582031	21608139
3	1298328	0.374702	17513477	1321125	17816756
4	1258165	0.359282	16273316	1280717	16560164
5	1167658	0.373197	15687614	1188354	15960941
6	1102849	0.372739	14798702	1124217	15082907
7	945453	0.379691	12923277	962806	13157414
8	940501	0.378760	12824081	957183	13047556
9	696526	0.390629	9794989	708614	9962174
10	813913	0.392842	11510598	828166	11707632
11	816642	0.394208	11589370	831202	11791892
12	827504	0.382226	11386576	841943	11580675
13	651916	0.362674	8511592	663592	8661633
14	562918	0.383595	7773570	572748	7906385
15	484253	0.397640	6932099	492580	7049475
16	433548	0.421351	6576334	440906	6686067
17	418826	0.427583	6446983	425820	6552416
18	506749	0.376736	6872776	515687	6992274
19	242804	0.457999	4003340	246710	4066815
20	369440	0.419545	5579881	375688	5673009
21	219334	0.385408	3043190	223664	3107319
22	177274	0.459042	2929544	180233	2977256
23	876617	0.371660	11728921	892288	11935413
24	476	0.392274	6722	511	7257
25	155	0.440502	2458	160	2540
>no_N_Reads	26862312
>totalMapped	18068946
>uniqMapped	17753245
>redundancy	0.017472
