chr	uniq	uniqGC%	uniqGC	p_uniq	p_uniqGC%	p_uniqGC	q_uniq	q_uniqGC%	q_uniqGC
1	1386941	0.392764	19610648	742521	0.399498	10678897	644420	0.392764	8931751
2	1554610	0.379508	21239529	586672	0.384738	8125749	967938	0.379508	13113780
3	1298328	0.374702	17513477	598009	0.381330	8209386	700319	0.374702	9304091
4	1258165	0.359282	16273316	319249	0.379891	4366073	938916	0.359282	11907243
5	1167658	0.373197	15687614	302382	0.369945	4027126	865276	0.373197	11660488
6	1102849	0.372739	14798702	368386	0.393034	5212372	734463	0.372739	9586330
7	945453	0.379691	12923277	364159	0.384579	5041728	581294	0.379691	7881549
8	940501	0.378760	12824081	269208	0.390974	3789124	671293	0.378760	9034957
9	696526	0.390629	9794989	256668	0.367045	3391513	439858	0.390629	6403476
10	813913	0.392842	11510598	239965	0.385347	3328916	573948	0.392842	8181682
11	816642	0.394208	11589370	315928	0.389115	4425566	500714	0.394208	7163804
12	827504	0.382226	11386576	217997	0.378766	2972515	609507	0.382226	8414061
13	651916	0.362674	8511592	NA	NA	NA	651916	0.362674	8511592
14	562918	0.383595	7773570	NA	NA	NA	562918	0.383595	7773570
15	484253	0.397640	6932099	NA	NA	NA	484253	0.397640	6932099
16	433548	0.421351	6576334	162288	0.435479	2544226	271260	0.421351	4032108
17	418826	0.427583	6446983	110761	0.434737	1733468	308065	0.427583	4713515
18	506749	0.376736	6872776	91196	0.386615	1269279	415553	0.376736	5603497
19	242804	0.457999	4003340	95028	0.476007	1628425	147776	0.457999	2374915
20	369440	0.419545	5579881	170040	0.399095	2443037	199400	0.419545	3136844
21	219334	0.385408	3043190	4065	0.443918	64963	215269	0.385408	2978227
22	177274	0.459042	2929544	NA	NA	NA	177274	0.459042	2929544
23	876617	0.371660	11728921	342391	0.376500	4640766	534226	0.371660	7088155
24	476	0.392274	6722	129	0.373816	1736	347	0.392274	4986
25	155	0.440502	2458	NA	NA	NA	155	0.440502	2458
>no_N_Reads	26862312
>totalMapped	18068946
>uniqMapped	17753245
>redundancy	0.017472
