chr	uniq	uniqGC%	uniqGC	p_uniq	p_uniqGC%	p_uniqGC	q_uniq	q_uniqGC%	q_uniqGC
1	1498080	0.392986	21194074	800046	0.399859	11516615	698034	0.392986	9677459
2	1678038	0.379862	22947253	632693	0.385177	8773165	1045345	0.379862	14174088
3	1393949	0.374985	18817578	643888	0.381437	8841706	750061	0.374985	9975872
4	1354890	0.359332	17526789	343887	0.379936	4703581	1011003	0.359332	12823208
5	1256105	0.373355	16883050	326052	0.370228	4345692	930053	0.373355	12537358
6	1191488	0.372978	15998354	399875	0.393724	5667851	791613	0.372978	10330503
7	1016893	0.380045	13912750	391897	0.385285	5435708	624996	0.380045	8477042
8	1019531	0.379121	13914938	292402	0.392282	4129342	727129	0.379121	9785596
9	751119	0.391031	10573585	275945	0.367271	3648482	475174	0.391031	6925103
10	881472	0.393412	12484147	259706	0.385490	3604108	621766	0.393412	8880039
11	880491	0.394449	12503116	340544	0.389326	4772978	539947	0.394449	7730138
12	890891	0.382748	12275534	233489	0.379519	3190085	657402	0.382748	9085449
13	701610	0.362570	9157768	NA	NA	NA	701610	0.362570	9157768
14	607694	0.384049	8401825	NA	NA	NA	607694	0.384049	8401825
15	524479	0.397894	7512729	NA	NA	NA	524479	0.397894	7512729
16	466279	0.421263	7071341	173863	0.434827	2721611	292416	0.421263	4349730
17	452802	0.427703	6971926	120009	0.434346	1876516	332793	0.427703	5095410
18	546038	0.376534	7401677	98043	0.385943	1362204	447995	0.376534	6039473
19	255747	0.457966	4216439	99583	0.474835	1702277	156164	0.457966	2514162
20	399970	0.419966	6047051	184252	0.398958	2646318	215718	0.419966	3400733
21	235902	0.385986	3277973	4031	0.432399	62748	231871	0.385986	3215225
22	190900	0.459059	3154835	NA	NA	NA	190900	0.459059	3154835
23	945442	0.371830	12655580	367519	0.376704	4984052	577923	0.371830	7671528
24	502	0.385624	6969	172	0.378553	2344	330	0.385624	4625
25	156	0.458689	2576	NA	NA	NA	156	0.458689	2576
>no_N_Reads	28905910
>totalMapped	19498397
>uniqMapped	19140312
>redundancy	0.018365
