chr	uniq	uniqGC%	uniqGC	total	totalGC
1	1325617	0.394861	18843626	1349937	19186090
2	1475357	0.381280	20250891	1501536	20605552
3	1226909	0.376581	16633099	1248293	16919032
4	1184228	0.360653	15375416	1204880	15640855
5	1101803	0.374917	14871030	1121150	15127958
6	1048206	0.374539	14133368	1067981	14398945
7	893788	0.381687	12281310	909815	12498436
8	889853	0.380295	12182649	905654	12395174
9	663130	0.393407	9391684	674489	9549698
10	778552	0.395179	11076024	792057	11264575
11	776223	0.396475	11079110	789330	11263242
12	785773	0.384229	10869016	799413	11054897
13	615646	0.364034	8068183	626680	8210902
14	533062	0.385818	7403938	542492	7532648
15	464567	0.399494	6681300	472697	6795969
16	413234	0.424197	6310530	420177	6414883
17	402792	0.430222	6238437	409448	6339920
18	479291	0.378019	6522514	487795	6637308
19	229014	0.461207	3802423	232660	3861466
20	354774	0.421912	5388600	360842	5479912
21	208254	0.388131	2909873	212282	2969923
22	172375	0.461748	2865380	175154	2910545
23	830403	0.372817	11145192	845012	11339218
24	446	0.388764	6242	479	6740
25	347	0.447246	5587	383	6201
>no_N_Reads	25426572
>totalMapped	17150253
>uniqMapped	16853297
>redundancy	0.017315
