chr	uniq	uniqGC%	uniqGC	p_uniq	p_uniqGC%	p_uniqGC	q_uniq	q_uniqGC%	q_uniqGC
1	1358832	0.392806	19215251	728083	0.399828	10479881	630749	0.392806	8735370
2	1520582	0.379491	20773685	575155	0.384873	7969018	945427	0.379491	12804667
3	1266707	0.374719	17087709	585279	0.381211	8032124	681428	0.374719	9055585
4	1226799	0.359188	15863459	311040	0.379784	4252607	915759	0.359188	11610852
5	1139820	0.373226	15314781	294666	0.369625	3920976	845154	0.373226	11393805
6	1080569	0.372850	14504061	361196	0.393162	5112303	719373	0.372850	9391758
7	921182	0.379738	12593089	354731	0.384884	4915088	566451	0.379738	7678001
8	917231	0.378507	12498416	262362	0.391058	3693558	654869	0.378507	8804858
9	682642	0.390464	9595689	251303	0.366900	3319312	431339	0.390464	6276377
10	797855	0.392749	11280852	235795	0.385187	3269706	562060	0.392749	8011146
11	798306	0.393947	11321640	309030	0.388375	4320704	489276	0.393947	7000936
12	808913	0.382281	11132341	213405	0.378401	2907093	595508	0.382281	8225248
13	635234	0.362512	8290081	NA	NA	NA	635234	0.362512	8290081
14	550775	0.383506	7604113	NA	NA	NA	550775	0.383506	7604113
15	477281	0.397549	6830728	NA	NA	NA	477281	0.397549	6830728
16	422654	0.420730	6401634	156252	0.434836	2445986	266402	0.420730	3955648
17	409226	0.427009	6290761	108222	0.433664	1689550	301004	0.427009	4601211
18	496302	0.376549	6727751	89147	0.386946	1241822	407155	0.376549	5485929
19	232364	0.457565	3827580	90265	0.475158	1544046	142099	0.457565	2283534
20	362578	0.419222	5472026	166422	0.398689	2388620	196156	0.419222	3083406
21	213854	0.385269	2966090	3966	0.439612	62766	209888	0.385269	2903324
22	173618	0.458491	2865685	NA	NA	NA	173618	0.458491	2865685
23	817662	0.371611	10938687	318851	0.376193	4318180	498811	0.371611	6620507
24	3897	0.371946	52181	1079	0.378334	14696	2818	0.371946	37485
25	102	0.454793	1670	NA	NA	NA	102	0.454793	1670
>no_N_Reads	26109172
>totalMapped	17625058
>uniqMapped	17314883
>redundancy	0.017599
