chr	uniq	uniqGC%	uniqGC	p_uniq	p_uniqGC%	p_uniqGC	q_uniq	q_uniqGC%	q_uniqGC
1	1314498	0.396280	18752724	705831	0.403538	10253874	608667	0.396280	8498850
2	1461005	0.382464	20116124	552579	0.387832	7715088	908426	0.382464	12401036
3	1214360	0.377529	16504413	560122	0.384304	7749266	654238	0.377529	8755147
4	1167655	0.361674	15203190	298303	0.383246	4115647	869352	0.361674	11087543
5	1091786	0.376099	14782321	281673	0.373247	3784805	810113	0.376099	10997516
6	1036335	0.375576	14011997	351521	0.395947	5010607	684814	0.375576	9001390
7	885298	0.383095	12209507	341222	0.388541	4772840	544076	0.383095	7436667
8	882618	0.381759	12130104	254669	0.394453	3616374	627949	0.381759	8513730
9	659314	0.394338	9359736	238631	0.369649	3175548	420683	0.394338	6184188
10	772431	0.396406	11023056	227873	0.388118	3183896	544558	0.396406	7839160
11	771279	0.397812	11045656	297580	0.392742	4207397	473699	0.397812	6838259
12	779553	0.385381	10815297	205187	0.381476	2817858	574366	0.385381	7997439
13	605587	0.365310	7964162	NA	NA	NA	605587	0.365310	7964162
14	529849	0.387123	7384197	NA	NA	NA	529849	0.387123	7384197
15	462905	0.400542	6674868	NA	NA	NA	462905	0.400542	6674868
16	413879	0.425048	6333066	155208	0.439321	2454702	258671	0.425048	3878364
17	404188	0.431714	6281775	106509	0.438200	1680201	297679	0.431714	4601574
18	475303	0.379328	6490640	85667	0.389411	1200948	389636	0.379328	5289692
19	232422	0.462400	3868988	91491	0.480299	1581949	140931	0.462400	2287039
20	354035	0.423322	5395354	161028	0.401572	2327918	193007	0.423322	3067436
21	207133	0.389461	2904127	3786	0.450519	61404	203347	0.389461	2842723
22	173500	0.463066	2892308	NA	NA	NA	173500	0.463066	2892308
23	818932	0.374066	11028053	320309	0.379061	4371005	498623	0.374066	6657048
24	408	0.395153	5804	138	0.373591	1856	270	0.395153	3948
25	112	0.450397	1816	NA	NA	NA	112	0.450397	1816
>no_N_Reads	25252531
>totalMapped	17002070
>uniqMapped	16714273
>redundancy	0.016927
