chr	uniq	uniqGC%	uniqGC	total	totalGC
1	1153972	0.393059	16328843	1173620	16602424
2	1292785	0.379569	17665219	1314106	17952651
3	1079093	0.374781	14559252	1096952	14796921
4	1043772	0.359251	13499134	1061082	13720341
5	967309	0.373511	13006814	983315	13218929
6	920302	0.373009	12358106	936158	12568592
7	785908	0.380222	10757515	799121	10935612
8	783673	0.378639	10682254	796534	10855577
9	580062	0.391086	8166749	589449	8296317
10	677296	0.393554	9595897	688109	9747614
11	680527	0.394316	9660330	691414	9811706
12	687547	0.382571	9469283	698738	9620877
13	547858	0.362837	7156186	557090	7274189
14	468175	0.384008	6472192	475705	6573938
15	403576	0.397777	5779193	410123	5870841
16	360917	0.421656	5478582	366669	5564215
17	349299	0.427820	5379733	354823	5463645
18	420550	0.376848	5705404	427361	5796218
19	199164	0.459129	3291911	202168	3340883
20	310519	0.420206	4697353	315432	4771157
21	182186	0.386218	2533086	185459	2582039
22	147632	0.459023	2439594	149884	2476122
23	706273	0.371655	9449624	717628	9598935
24	2123	0.379939	29038	2177	29872
25	179	0.430168	2772	190	2951
>no_N_Reads	22176267
>totalMapped	14993117
>uniqMapped	14750518
>redundancy	0.016181
