chr	uniq	uniqGC%	uniqGC	total	totalGC
1	1235736	0.393753	17516684	1256963	17812781
2	1385861	0.380497	18983371	1408924	19294484
3	1151612	0.375643	15573421	1170942	15831323
4	1119285	0.360047	14507817	1138556	14754260
5	1038556	0.374336	13995684	1055872	14225818
6	983533	0.373787	13234734	1002175	13485166
7	840283	0.380791	11519010	854568	11711046
8	840414	0.379654	11486398	854434	11675537
9	621845	0.391790	8770766	632531	8918576
10	729404	0.394324	10354379	741491	10522797
11	726520	0.395597	10346717	738653	10515188
12	735560	0.383502	10155205	747810	10321563
13	579322	0.363316	7577164	589129	7703218
14	501936	0.384956	6956044	510220	7068570
15	433650	0.398817	6226086	440835	6327123
16	388860	0.422814	5918957	395230	6014129
17	372768	0.429119	5758632	378724	5848999
18	452626	0.377454	6150442	460167	6251565
19	211378	0.459908	3499717	214515	3550898
20	331362	0.420948	5021505	336715	5101267
21	195041	0.387021	2717458	198516	2767847
22	159166	0.460413	2638157	161585	2677632
23	737789	0.372386	9890710	749805	10049131
24	3954	0.382461	54441	4010	55270
25	93	0.460872	1543	94	1552
>no_N_Reads	23884551
>totalMapped	16042370
>uniqMapped	15776461
>redundancy	0.016575
