chr	uniq	uniqGC%	uniqGC	p_uniq	p_uniqGC%	p_uniqGC	q_uniq	q_uniqGC%	q_uniqGC
1	1293696	0.394576	18376630	695188	0.401729	10053973	598508	0.394576	8322657
2	1439876	0.381194	19759373	546018	0.386406	7595445	893858	0.381194	12163928
3	1195632	0.376296	16196794	551859	0.383207	7613144	643773	0.376296	8583650
4	1149904	0.360507	14923755	292469	0.382039	4022444	857435	0.360507	10901311
5	1075699	0.374639	14507958	277262	0.371660	3709695	798437	0.374639	10798263
6	1022003	0.374397	13774872	345649	0.394747	4911986	676354	0.374397	8862886
7	872361	0.381322	11975413	336758	0.386534	4686063	535603	0.381322	7289350
8	870041	0.380232	11909419	250496	0.392480	3539331	619545	0.380232	8370088
9	648823	0.392601	9170222	234767	0.368275	3112518	414056	0.392601	6057704
10	761895	0.394799	10828639	224364	0.386555	3122243	537531	0.394799	7706396
11	758989	0.396216	10826040	292363	0.390703	4112175	466626	0.396216	6713865
12	766729	0.383862	10595453	201888	0.379820	2760521	564841	0.383862	7834932
13	598651	0.363750	7839339	NA	NA	NA	598651	0.363750	7839339
14	523639	0.385621	7269348	NA	NA	NA	523639	0.385621	7269348
15	456784	0.399062	6562272	NA	NA	NA	456784	0.399062	6562272
16	405724	0.423392	6184089	151307	0.437347	2382254	254417	0.423392	3801835
17	395571	0.430137	6125386	104771	0.436618	1646816	290800	0.430137	4478570
18	468892	0.377454	6371473	84214	0.387737	1175503	384678	0.377454	5195970
19	226023	0.460854	3749891	88773	0.479053	1530971	137250	0.460854	2218920
20	348091	0.421854	5286372	158402	0.400547	2284107	189689	0.421854	3002265
21	203955	0.387569	2845678	3664	0.450638	59441	200291	0.387569	2786237
22	169270	0.460833	2808190	NA	NA	NA	169270	0.460833	2808190
23	815984	0.372732	10949150	318784	0.377387	4330977	497200	0.372732	6618173
24	2818	0.378066	38354	722	0.389158	10115	2096	0.378066	28239
25	97	0.448167	1565	NA	NA	NA	97	0.448167	1565
>no_N_Reads	24888393
>totalMapped	16758864
>uniqMapped	16471050
>redundancy	0.017174
