chr	uniq	uniqGC%	uniqGC	total	totalGC
1	1314498	0.396280	18752724	1337516	19076493
2	1461005	0.382464	20116124	1486175	20458495
3	1214360	0.377529	16504413	1234851	16779429
4	1167655	0.361674	15203190	1188120	15466939
5	1091786	0.376099	14782321	1110502	15031585
6	1036335	0.375576	14011997	1055421	14267796
7	885298	0.383095	12209507	900790	12420697
8	882618	0.381759	12130104	897790	12335933
9	659314	0.394338	9359736	670477	9515993
10	772431	0.396406	11023056	785526	11207382
11	771279	0.397812	11045656	784298	11229118
12	779553	0.385381	10815297	793010	10999356
13	605587	0.365310	7964162	616005	8099429
14	529849	0.387123	7384197	539028	7510354
15	462905	0.400542	6674868	470892	6787501
16	413879	0.425048	6333066	420789	6437382
17	404188	0.431714	6281775	410989	6385849
18	475303	0.379328	6490640	483427	6600043
19	232422	0.462400	3868988	236062	3928108
20	354035	0.423322	5395354	359851	5483932
21	207133	0.389461	2904127	211079	2963533
22	173500	0.463066	2892308	176240	2937476
23	818932	0.374066	11028053	832795	11211972
24	408	0.395153	5804	437	6264
25	112	0.450397	1816	114	1846
>no_N_Reads	25252531
>totalMapped	17002070
>uniqMapped	16714273
>redundancy	0.016927
