chr	uniq	uniqGC%	uniqGC	p_uniq	p_uniqGC%	p_uniqGC	q_uniq	q_uniqGC%	q_uniqGC
1	1079054	0.393818	15298245	578896	0.400709	8350871	500158	0.393818	6947374
2	1202648	0.380177	16459901	454274	0.385658	6306997	748374	0.380177	10152904
3	1001197	0.375322	13527782	460893	0.382057	6339154	540304	0.375322	7188628
4	967311	0.359694	12525708	244953	0.380539	3355714	722358	0.359694	9169994
5	896072	0.373998	12064658	231984	0.370769	3096450	664088	0.373998	8968208
6	853548	0.373631	11480828	287457	0.394043	4077734	566091	0.373631	7403094
7	728723	0.380455	9980854	281282	0.385921	3907891	447441	0.380455	6072963
8	728184	0.379539	9949474	208963	0.392137	2949915	519221	0.379539	6999559
9	541603	0.391749	7638210	197406	0.367250	2609904	344197	0.391749	5028306
10	632427	0.393752	8964699	186873	0.385580	2593965	445554	0.393752	6370734
11	631060	0.395196	8978115	244497	0.389771	3430722	386563	0.395196	5547393
12	641490	0.383119	8847623	169133	0.379444	2310357	472357	0.383119	6537266
13	501423	0.363309	6558169	NA	NA	NA	501423	0.363309	6558169
14	437186	0.384677	6054312	NA	NA	NA	437186	0.384677	6054312
15	379169	0.398282	5436576	NA	NA	NA	379169	0.398282	5436576
16	335642	0.422589	5106194	124869	0.436663	1962923	210773	0.422589	3143271
17	328535	0.429152	5075690	86284	0.435131	1351613	242251	0.429152	3724077
18	391828	0.377056	5318685	70846	0.386707	986278	320982	0.377056	4332407
19	183793	0.459739	3041887	71744	0.477873	1234244	112049	0.459739	1807643
20	287770	0.421023	4361681	131049	0.399132	1883010	156721	0.421023	2478671
21	171287	0.386934	2385961	3064	0.443538	48924	168223	0.386934	2337037
22	139811	0.460996	2320282	NA	NA	NA	139811	0.460996	2320282
23	635668	0.371855	8509556	248437	0.376777	3369791	387231	0.371855	5139765
24	3200	0.375764	43288	842	0.387338	11741	2358	0.375764	31547
25	56	0.452381	912	NA	NA	NA	56	0.452381	912
>no_N_Reads	20794019
>totalMapped	13913702
>uniqMapped	13698629
>redundancy	0.015458
