chr	uniq	uniqGC%	uniqGC	total	totalGC
1	1101732	0.394913	15663184	1120034	15920585
2	1227190	0.381438	16851504	1246840	17118326
3	1021338	0.376645	13848557	1037732	14067556
4	989821	0.360928	12861149	1005798	13065749
5	910342	0.374807	12283295	925015	12478256
6	873509	0.374673	11782098	888770	11986583
7	748161	0.382011	10289004	760586	10457745
8	743047	0.380602	10180990	754932	10341549
9	553969	0.393029	7838125	562673	7959087
10	647905	0.395403	9222602	658065	9364627
11	647898	0.396515	9248455	658246	9393060
12	653859	0.384216	9044039	664287	9186805
13	512599	0.363924	6715690	520792	6821185
14	447151	0.385989	6213427	454276	6310992
15	387581	0.399371	5572390	393664	5657638
16	347186	0.423909	5298314	352689	5381261
17	336512	0.430194	5211555	341625	5289422
18	402325	0.378198	5477713	408818	5564766
19	192815	0.461178	3201190	195721	3248428
20	296190	0.422139	4501198	300874	4570820
21	173835	0.387397	2424354	176894	2469636
22	143941	0.461957	2393802	146082	2428849
23	691815	0.373517	9302561	703046	9451539
24	359	0.375271	4850	381	5167
25	83	0.449130	1342	84	1354
>no_N_Reads	21205906
>totalMapped	14277840
>uniqMapped	14051080
>redundancy	0.015882
