chr	uniq	uniqGC%	uniqGC	total	totalGC
1	1275830	0.393393	18068474	1298360	18383540
2	1433359	0.380077	19612319	1457924	19943645
3	1192646	0.375313	16114145	1213147	16387539
4	1158374	0.359687	14999454	1178620	15257257
5	1076850	0.373822	14491794	1095431	14738329
6	1015611	0.373358	13650726	1034753	13904355
7	870730	0.380830	11937603	885755	12139288
8	872000	0.379689	11919199	887313	12124966
9	641326	0.391187	9031611	652177	9181426
10	749812	0.393692	10627023	762474	10803065
11	750963	0.394605	10668019	763756	10846018
12	759938	0.382971	10477223	773044	10655049
13	599675	0.363003	7836627	610270	7973080
14	517690	0.384576	7167285	526664	7289054
15	446933	0.398290	6408329	454404	6513550
16	397449	0.421951	6037351	404245	6139049
17	384453	0.428059	5924469	390673	6018035
18	466189	0.377299	6332128	474086	6437557
19	220095	0.458584	3633557	223569	3689475
20	339827	0.420305	5141917	345470	5226298
21	204426	0.385971	2840493	208336	2897600
22	162235	0.459550	2683983	164770	2725320
23	781918	0.372225	10477790	795071	10651807
24	3111	0.375246	42026	3177	42976
25	667	0.451441	10840	768	12542
>no_N_Reads	24538231
>totalMapped	16603489
>uniqMapped	16321440
>redundancy	0.016987
