chr	uniq	uniqGC%	uniqGC	total	totalGC
1	1079054	0.393818	15298245	1096653	15544277
2	1202648	0.380177	16459901	1221514	16714337
3	1001197	0.375322	13527782	1016849	13735396
4	967311	0.359694	12525708	982560	12720237
5	896072	0.373998	12064658	910120	12250828
6	853548	0.373631	11480828	868285	11677344
7	728723	0.380455	9980854	740344	10138093
8	728184	0.379539	9949474	739710	10103301
9	541603	0.391749	7638210	550022	7754952
10	632427	0.393752	8964699	642193	9100685
11	631060	0.395196	8978115	640723	9113119
12	641490	0.383119	8847623	651444	8982938
13	501423	0.363309	6558169	509347	6659752
14	437186	0.384677	6054312	443934	6146915
15	379169	0.398282	5436576	384990	5518275
16	335642	0.422589	5106194	340649	5181049
17	328535	0.429152	5075690	333369	5149870
18	391828	0.377056	5318685	398042	5401801
19	183793	0.459739	3041887	186354	3083285
20	287770	0.421023	4361681	292046	4425556
21	171287	0.386934	2385961	174144	2427392
22	139811	0.460996	2320282	141805	2352678
23	635668	0.371855	8509556	645353	8637148
24	3200	0.375764	43288	3252	43996
25	56	0.452381	912	58	941
>no_N_Reads	20794019
>totalMapped	13913702
>uniqMapped	13698629
>redundancy	0.015458
