chr	uniq	uniqGC%	uniqGC	p_uniq	p_uniqGC%	p_uniqGC	q_uniq	q_uniqGC%	q_uniqGC
1	1325617	0.394861	18843626	710793	0.402135	10290053	614824	0.394861	8553573
2	1475357	0.381280	20250891	558091	0.386677	7768827	917266	0.381280	12482064
3	1226909	0.376581	16633099	566547	0.383374	7819174	660362	0.376581	8813925
4	1184228	0.360653	15375416	299969	0.382101	4126262	884259	0.360653	11249154
5	1101803	0.374917	14871030	285109	0.371440	3812433	816694	0.374917	11058597
6	1048206	0.374539	14133368	355019	0.395112	5049800	693187	0.374539	9083568
7	893788	0.381687	12281310	344883	0.386921	4803923	548905	0.381687	7477387
8	889853	0.380295	12182649	255292	0.393124	3613013	634561	0.380295	8569636
9	663130	0.393407	9391684	241321	0.368882	3204680	421809	0.393407	6187004
10	778552	0.395179	11076024	229981	0.387289	3206487	548571	0.395179	7869537
11	776223	0.396475	11079110	300843	0.391490	4239970	475380	0.396475	6839140
12	785773	0.384229	10869016	206607	0.380525	2830287	579166	0.384229	8038729
13	615646	0.364034	8068183	NA	NA	NA	615646	0.364034	8068183
14	533062	0.385818	7403938	NA	NA	NA	533062	0.385818	7403938
15	464567	0.399494	6681300	NA	NA	NA	464567	0.399494	6681300
16	413234	0.424197	6310530	154262	0.437911	2431908	258972	0.424197	3878622
17	402792	0.430222	6238437	106675	0.436797	1677433	296117	0.430222	4561004
18	479291	0.378019	6522514	86540	0.388455	1210209	392751	0.378019	5312305
19	229014	0.461207	3802423	89720	0.479081	1547394	139294	0.461207	2255029
20	354774	0.421912	5388600	161902	0.400575	2334743	192872	0.421912	3053857
21	208254	0.388131	2909873	3972	0.451836	64609	204282	0.388131	2845264
22	172375	0.461748	2865380	NA	NA	NA	172375	0.461748	2865380
23	830403	0.372817	11145192	324560	0.377412	4409746	505843	0.372817	6735446
24	446	0.388764	6242	131	0.377863	1782	315	0.388764	4460
25	347	0.447246	5587	NA	NA	NA	347	0.447246	5587
>no_N_Reads	25426572
>totalMapped	17150253
>uniqMapped	16853297
>redundancy	0.017315
