chr	uniq	uniqGC%	uniqGC	total	totalGC
1	1460680	0.391622	20593262	1487939	20972876
2	1634547	0.378502	22272461	1664087	22667049
3	1360923	0.373756	18311494	1385833	18641508
4	1320587	0.358085	17023773	1345105	17333537
5	1226793	0.372350	16444682	1249327	16740656
6	1161182	0.371828	15543376	1184829	15857608
7	990475	0.378763	13505573	1008946	13752769
8	989271	0.377679	13450573	1007308	13691006
9	732068	0.389550	10266369	745470	10450567
10	857974	0.392109	12111097	873551	12326904
11	858006	0.392635	12127802	873351	12340779
12	868544	0.381237	11920364	884313	12132950
13	686638	0.361559	8937359	699218	9097916
14	592037	0.382369	8149555	602647	8292542
15	512243	0.396239	7306942	521464	7436160
16	455070	0.419493	6872351	463145	6991873
17	439460	0.425823	6736759	446974	6849424
18	534350	0.375512	7223570	544102	7352838
19	248875	0.455860	4084281	252788	4146423
20	389283	0.418080	5859050	396155	5961476
21	230338	0.384658	3189650	235354	3266463
22	185443	0.457374	3053404	188558	3102854
23	932468	0.370678	12443241	949671	12668747
24	521	0.390382	7322	588	8361
25	74	0.434685	1158	77	1206
>no_N_Reads	28260551
>totalMapped	19010723
>uniqMapped	18667776
>redundancy	0.018040
