chr	uniq	uniqGC%	uniqGC	p_uniq	p_uniqGC%	p_uniqGC	q_uniq	q_uniqGC%	q_uniqGC
1	1575845	0.392167	22247790	843427	0.398947	12113372	732418	0.392167	10134418
2	1766488	0.379063	24105961	666332	0.384461	9222435	1100156	0.379063	14883526
3	1475350	0.374372	19883854	678821	0.381027	9311361	796529	0.374372	10572493
4	1432545	0.358846	18506273	362492	0.379131	4947545	1070053	0.358846	13558728
5	1326060	0.372915	17802272	343964	0.369306	4573011	982096	0.372915	13229261
6	1257168	0.372484	16857897	420285	0.392875	5944297	836883	0.372484	10913600
7	1073438	0.379277	14656703	411935	0.384678	5704650	661503	0.379277	8952053
8	1072339	0.378014	14592914	306502	0.390261	4306172	765837	0.378014	10286742
9	791705	0.390173	11120468	291859	0.366961	3855633	499846	0.390173	7264835
10	926484	0.392716	13098425	273242	0.384908	3786232	653242	0.392716	9312193
11	925831	0.393476	13114525	358467	0.388144	5008920	567364	0.393476	8105605
12	939558	0.381861	12916113	247174	0.378061	3364087	692384	0.381861	9552026
13	743610	0.362125	9694083	NA	NA	NA	743610	0.362125	9694083
14	639387	0.383438	8825953	NA	NA	NA	639387	0.383438	8825953
15	549473	0.396875	7850599	NA	NA	NA	549473	0.396875	7850599
16	488894	0.420806	7406266	181813	0.435115	2847944	307081	0.420806	4558322
17	473311	0.426685	7270371	125305	0.432840	1952531	348006	0.426685	5317840
18	575217	0.375991	7785960	103460	0.386110	1438091	471757	0.375991	6347869
19	269335	0.456910	4430225	104874	0.474328	1790807	164461	0.456910	2639418
20	418001	0.419058	6305996	192586	0.398654	2763908	225415	0.419058	3542088
21	249267	0.384403	3449484	4837	0.426699	74302	244430	0.384403	3375182
22	199741	0.457769	3291668	NA	NA	NA	199741	0.457769	3291668
23	999758	0.371120	13357075	388728	0.376013	5262002	611030	0.371120	8095073
24	564	0.387608	7870	184	0.376963	2497	380	0.387608	5373
25	68	0.449755	1101	NA	NA	NA	68	0.449755	1101
>no_N_Reads	30398977
>totalMapped	20557705
>uniqMapped	20169369
>redundancy	0.018890
