chr	uniq	uniqGC%	uniqGC	total	totalGC
1	1546592	0.393064	21884756	1576224	22299253
2	1730285	0.379724	23653132	1762354	24084337
3	1444064	0.375111	19500646	1471139	19861068
4	1397997	0.359605	18098142	1424622	18436668
5	1298508	0.373567	17462848	1322943	17786550
6	1232373	0.373026	16549438	1259011	16907068
7	1051203	0.380137	14385630	1071651	14661668
8	1048907	0.379138	14316484	1068725	14582163
9	778396	0.391113	10959864	792789	11159317
10	910738	0.393257	12893559	927354	13124750
11	909312	0.394636	12918504	925994	13150537
12	922302	0.382783	12709510	939467	12941463
13	725747	0.362995	9483935	739341	9659127
14	625302	0.384384	8652828	636917	8810422
15	541528	0.397811	7755337	551364	7893258
16	484362	0.421840	7355629	493098	7486328
17	467512	0.428347	7209273	475694	7332611
18	566100	0.376752	7678064	576703	7818859
19	269541	0.458425	4448315	274134	4522087
20	412962	0.419827	6241417	420427	6353312
21	244183	0.385860	3391940	249422	3473140
22	199249	0.459530	3296194	202760	3353126
23	978862	0.372059	13110994	997301	13355017
24	521	0.392834	7368	576	8266
25	78	0.458689	1288	82	1356
>no_N_Reads	29850609
>totalMapped	20160010
>uniqMapped	19786546
>redundancy	0.018525
