chr	uniq	uniqGC%	uniqGC	total	totalGC
1	1454104	0.393225	20584424	1481610	20966918
2	1627310	0.379938	22257956	1657181	22660643
3	1353311	0.375301	18284354	1378176	18614620
4	1311609	0.359429	16971496	1336091	17284334
5	1218876	0.373766	16400663	1241147	16696282
6	1158209	0.373309	15565309	1183006	15899137
7	985877	0.380130	13491404	1004272	13738878
8	984618	0.379090	13437334	1002819	13681184
9	727962	0.391284	10254226	741146	10435825
10	855991	0.393934	12139328	871695	12358791
11	855617	0.394657	12156300	871264	12373991
12	865875	0.382834	11933516	881580	12144750
13	679993	0.362693	8878623	692547	9040387
14	588459	0.384399	8143318	599194	8289022
15	510670	0.398162	7319858	519991	7450715
16	454182	0.421744	6895749	462305	7016986
17	440468	0.428429	6793537	448153	6910184
18	529614	0.376853	7185114	539423	7315722
19	251020	0.458503	4143360	255180	4210062
20	389028	0.419972	5881706	395921	5984319
21	229428	0.385540	3184328	234039	3251543
22	186450	0.458992	3080845	189641	3132485
23	873173	0.371882	11689830	888854	11895845
24	4113	0.379441	56183	4205	57484
25	107	0.464694	1790	113	1899
>no_N_Reads	27959391
>totalMapped	18879440
>uniqMapped	18535957
>redundancy	0.018193
