chr	uniq	uniqGC%	uniqGC	p_uniq	p_uniqGC%	p_uniqGC	q_uniq	q_uniqGC%	q_uniqGC
1	1275830	0.393393	18068474	682773	0.400137	9835292	593057	0.393393	8233182
2	1433359	0.380077	19612319	540844	0.385460	7505062	892515	0.380077	12107257
3	1192646	0.375313	16114145	549352	0.381865	7552010	643294	0.375313	8562135
4	1158374	0.359687	14999454	292901	0.380600	4013211	865473	0.359687	10986243
5	1076850	0.373822	14491794	278878	0.371045	3725142	797972	0.373822	10766652
6	1015611	0.373358	13650726	339061	0.393975	4808940	676550	0.373358	8841786
7	870730	0.380830	11937603	335242	0.385545	4653032	535488	0.380830	7284571
8	872000	0.379689	11919199	249486	0.392030	3521016	622514	0.379689	8398183
9	641326	0.391187	9031611	236865	0.367885	3137010	404461	0.391187	5894601
10	749812	0.393692	10627023	221157	0.386053	3073623	528655	0.393692	7553400
11	750963	0.394605	10668019	291130	0.389525	4082485	459833	0.394605	6585534
12	759938	0.382971	10477223	199914	0.379563	2731682	560024	0.382971	7745541
13	599675	0.363003	7836627	NA	NA	NA	599675	0.363003	7836627
14	517690	0.384576	7167285	NA	NA	NA	517690	0.384576	7167285
15	446933	0.398290	6408329	NA	NA	NA	446933	0.398290	6408329
16	397449	0.421951	6037351	148353	0.435744	2327182	249096	0.421951	3710169
17	384453	0.428059	5924469	101813	0.434660	1593144	282640	0.428059	4331325
18	466189	0.377299	6332128	83910	0.387595	1170830	382279	0.377299	5161298
19	220095	0.458584	3633557	85484	0.476151	1465319	134611	0.458584	2168238
20	339827	0.420305	5141917	156327	0.399248	2246878	183500	0.420305	2895039
21	204426	0.385971	2840493	3552	0.447635	57240	200874	0.385971	2783253
22	162235	0.459550	2683983	NA	NA	NA	162235	0.459550	2683983
23	781918	0.372225	10477790	304416	0.377083	4132443	477502	0.372225	6345347
24	3111	0.375246	42026	806	0.381927	11082	2305	0.375246	30944
25	667	0.451441	10840	NA	NA	NA	667	0.451441	10840
>no_N_Reads	24538231
>totalMapped	16603489
>uniqMapped	16321440
>redundancy	0.016987
