chr	uniq	uniqGC%	uniqGC	p_uniq	p_uniqGC%	p_uniqGC	q_uniq	q_uniqGC%	q_uniqGC
1	1329802	0.394792	18899819	713485	0.401969	10324771	616317	0.394792	8575048
2	1482564	0.381200	20345534	559463	0.386701	7788426	923101	0.381200	12557108
3	1236778	0.376508	16763663	571104	0.383101	7876456	665674	0.376508	8887207
4	1196845	0.360776	15544550	304809	0.381996	4191687	892036	0.360776	11352863
5	1110996	0.375089	15002025	289124	0.372106	3873055	821872	0.375089	11128970
6	1053639	0.374658	14211172	354322	0.395187	5040840	699317	0.374658	9170332
7	901208	0.381796	12386784	347429	0.387139	4842121	553779	0.381796	7544663
8	897800	0.380678	12303818	257905	0.393329	3651891	639895	0.380678	8651927
9	667589	0.392806	9440383	244592	0.368511	3244851	422997	0.392806	6195532
10	780451	0.395252	11105091	229676	0.387416	3203283	550775	0.395252	7901808
11	779815	0.396491	11130830	302108	0.391216	4254817	477707	0.396491	6876013
12	792667	0.384402	10969295	208497	0.380111	2853073	584170	0.384402	8116222
13	621956	0.364214	8154913	NA	NA	NA	621956	0.364214	8154913
14	537792	0.385745	7468221	NA	NA	NA	537792	0.385745	7468221
15	466801	0.399394	6711749	NA	NA	NA	466801	0.399394	6711749
16	419816	0.423618	6402291	156942	0.437627	2472556	262874	0.423618	3929735
17	403322	0.430188	6246160	107283	0.437396	1689306	296039	0.430188	4556854
18	482915	0.377909	6569930	87296	0.388847	1222012	395619	0.377909	5347918
19	232642	0.460812	3859351	91057	0.479030	1570286	141585	0.460812	2289065
20	356477	0.421831	5413430	163312	0.401236	2358962	193165	0.421831	3054468
21	209889	0.387693	2929408	3650	0.473577	62228	206239	0.387693	2867180
22	172939	0.461515	2873302	NA	NA	NA	172939	0.461515	2873302
23	840515	0.373259	11294278	328894	0.377830	4473577	511621	0.373259	6820701
24	450	0.400370	6486	129	0.382214	1775	321	0.400370	4711
25	110	0.469192	1858	NA	NA	NA	110	0.469192	1858
>no_N_Reads	25700652
>totalMapped	17276006
>uniqMapped	16975668
>redundancy	0.017385
