chr	uniq	uniqGC%	uniqGC	p_uniq	p_uniqGC%	p_uniqGC	q_uniq	q_uniqGC%	q_uniqGC
1	1546592	0.393064	21884756	828040	0.400009	11924044	718552	0.393064	9960712
2	1730285	0.379724	23653132	653573	0.384903	9056235	1076712	0.379724	14596897
3	1444064	0.375111	19500646	666202	0.381864	9158359	777862	0.375111	10342287
4	1397997	0.359605	18098142	354790	0.380543	4860458	1043207	0.359605	13237684
5	1298508	0.373567	17462848	336078	0.370607	4483903	962430	0.373567	12978945
6	1232373	0.373026	16549438	413446	0.393387	5855193	818927	0.373026	10694245
7	1051203	0.380137	14385630	403703	0.385007	5595424	647500	0.380137	8790206
8	1048907	0.379138	14316484	300809	0.391711	4241885	748098	0.379138	10074599
9	778396	0.391113	10959864	285971	0.367276	3781088	492425	0.391113	7178776
10	910738	0.393257	12893559	267699	0.385659	3716658	643039	0.393257	9176901
11	909312	0.394636	12918504	351460	0.389209	4924487	557852	0.394636	7994017
12	922302	0.382783	12709510	243407	0.378818	3319454	678895	0.382783	9390056
13	725747	0.362995	9483935	NA	NA	NA	725747	0.362995	9483935
14	625302	0.384384	8652828	NA	NA	NA	625302	0.384384	8652828
15	541528	0.397811	7755337	NA	NA	NA	541528	0.397811	7755337
16	484362	0.421840	7355629	181502	0.435233	2843846	302860	0.421840	4511783
17	467512	0.428347	7209273	124330	0.434620	1945309	343182	0.428347	5263964
18	566100	0.376752	7678064	102201	0.386138	1420691	463899	0.376752	6257373
19	269541	0.458425	4448315	105581	0.476309	1810409	163960	0.458425	2637906
20	412962	0.419827	6241417	190167	0.399079	2732101	222795	0.419827	3509316
21	244183	0.385860	3391940	4555	0.456367	74835	239628	0.385860	3317105
22	199249	0.459530	3296194	NA	NA	NA	199249	0.459530	3296194
23	978862	0.372059	13110994	381922	0.376808	5180801	596940	0.372059	7930193
24	521	0.392834	7368	161	0.383195	2221	360	0.392834	5147
25	78	0.458689	1288	NA	NA	NA	78	0.458689	1288
>no_N_Reads	29850609
>totalMapped	20160010
>uniqMapped	19786546
>redundancy	0.018525
