chr	uniq	uniqGC%	uniqGC	total	totalGC
1	1575845	0.392167	22247790	1606792	22677979
2	1766488	0.379063	24105961	1800019	24556159
3	1475350	0.374372	19883854	1503321	20254833
4	1432545	0.358846	18506273	1460445	18859973
5	1326060	0.372915	17802272	1351382	18136534
6	1257168	0.372484	16857897	1284427	17221856
7	1073438	0.379277	14656703	1094089	14935472
8	1072339	0.378014	14592914	1092817	14866765
9	791705	0.390173	11120468	806542	11325295
10	926484	0.392716	13098425	944228	13344739
11	925831	0.393476	13114525	943262	13356559
12	939558	0.381861	12916113	957546	13158584
13	743610	0.362125	9694083	758065	9879661
14	639387	0.383438	8825953	651582	8990921
15	549473	0.396875	7850599	559650	7993020
16	488894	0.420806	7406266	497977	7541335
17	473311	0.426685	7270371	482129	7404500
18	575217	0.375991	7785960	586320	7933270
19	269335	0.456910	4430225	273928	4504421
20	418001	0.419058	6305996	425722	6420169
21	249267	0.384403	3449484	254405	3522871
22	199741	0.457769	3291668	203301	3349130
23	999758	0.371120	13357075	1019150	13612266
24	564	0.387608	7870	606	8530
25	68	0.449755	1101	69	1118
>no_N_Reads	30398977
>totalMapped	20557705
>uniqMapped	20169369
>redundancy	0.018890
