chr	uniq	uniqGC%	uniqGC	p_uniq	p_uniqGC%	p_uniqGC	q_uniq	q_uniqGC%	q_uniqGC
1	1101732	0.394913	15663184	591467	0.402286	8565800	510265	0.394913	7097384
2	1227190	0.381438	16851504	463992	0.386911	6462855	763198	0.381438	10388649
3	1021338	0.376645	13848557	471609	0.383376	6508935	549729	0.376645	7339622
4	989821	0.360928	12861149	252815	0.381898	3475781	737006	0.360928	9385368
5	910342	0.374807	12283295	239001	0.372107	3201625	671341	0.374807	9081670
6	873509	0.374673	11782098	293275	0.395373	4174305	580234	0.374673	7607793
7	748161	0.382011	10289004	287589	0.387282	4009605	460572	0.382011	6279399
8	743047	0.380602	10180990	213810	0.392875	3024025	529237	0.380602	7156965
9	553969	0.393029	7838125	202077	0.368663	2681938	351892	0.393029	5156187
10	647905	0.395403	9222602	191057	0.387624	2666098	456848	0.395403	6556504
11	647898	0.396515	9248455	250405	0.391748	3531445	397493	0.396515	5717010
12	653859	0.384216	9044039	172151	0.380736	2359585	481708	0.384216	6684454
13	512599	0.363924	6715690	NA	NA	NA	512599	0.363924	6715690
14	447151	0.385989	6213427	NA	NA	NA	447151	0.385989	6213427
15	387581	0.399371	5572390	NA	NA	NA	387581	0.399371	5572390
16	347186	0.423909	5298314	130486	0.438459	2059660	216700	0.423909	3238654
17	336512	0.430194	5211555	89741	0.435644	1407426	246771	0.430194	3804129
18	402325	0.378198	5477713	72294	0.388303	1010592	330031	0.378198	4467121
19	192815	0.461178	3201190	75943	0.479659	1311364	116872	0.461178	1889826
20	296190	0.422139	4501198	135348	0.400976	1953769	160842	0.422139	2547429
21	173835	0.387397	2424354	2919	0.453904	47698	170916	0.387397	2376656
22	143941	0.461957	2393802	NA	NA	NA	143941	0.461957	2393802
23	691815	0.373517	9302561	269761	0.378401	3674802	422054	0.373517	5627759
24	359	0.375271	4850	108	0.359053	1396	251	0.375271	3454
25	83	0.449130	1342	NA	NA	NA	83	0.449130	1342
>no_N_Reads	21205906
>totalMapped	14277840
>uniqMapped	14051080
>redundancy	0.015882
