chr	uniq	uniqGC%	uniqGC	total	totalGC
1	1179250	0.395882	16806369	1199650	17094633
2	1310044	0.382213	18025784	1331963	18322846
3	1088298	0.377448	14787917	1106541	15032081
4	1044500	0.361414	13589878	1061946	13812830
5	974297	0.375808	13181349	990570	13399418
6	928078	0.375577	12548319	945255	12779249
7	792960	0.382576	10921223	806674	11108606
8	790615	0.381327	10853391	803678	11030201
9	591159	0.393961	8384177	600774	8518970
10	692731	0.396024	9876169	704155	10036489
11	690503	0.397389	9878342	701797	10036834
12	698305	0.385170	9682786	710033	9842811
13	542458	0.365380	7135324	551550	7253729
14	474183	0.386711	6601382	482048	6709100
15	413637	0.400167	5958854	420387	6054755
16	370213	0.424875	5662595	376153	5751963
17	360340	0.431028	5591405	366304	5682433
18	426188	0.379167	5817478	433161	5911423
19	204366	0.462307	3401273	207451	3451566
20	316481	0.422892	4818147	321631	4895774
21	184709	0.389907	2592693	188421	2653407
22	154863	0.462121	2576356	157358	2616950
23	731993	0.373975	9854892	744229	10017064
24	397	0.397285	5678	432	6252
25	112	0.458333	1848	121	1994
>no_N_Reads	22610682
>totalMapped	15212161
>uniqMapped	14960568
>redundancy	0.016539
