chr	uniq	uniqGC%	uniqGC	total	totalGC
1	1498080	0.392986	21194074	1526655	21590613
2	1678038	0.379862	22947253	1709018	23365085
3	1393949	0.374985	18817578	1419811	19160870
4	1354890	0.359332	17526789	1380523	17854118
5	1256105	0.373355	16883050	1279598	17194212
6	1191488	0.372978	15998354	1216408	16331796
7	1016893	0.380045	13912750	1036380	14175911
8	1019531	0.379121	13914938	1038305	14167895
9	751119	0.391031	10573585	765112	10766565
10	881472	0.393412	12484147	897708	12709665
11	880491	0.394449	12503116	896481	12726725
12	890891	0.382748	12275534	907461	12500161
13	701610	0.362570	9157768	714838	9327262
14	607694	0.384049	8401825	619100	8556732
15	524479	0.397894	7512729	533991	7646538
16	466279	0.421263	7071341	474679	7196620
17	452802	0.427703	6971926	460694	7090617
18	546038	0.376534	7401677	556358	7539731
19	255747	0.457966	4216439	260020	4284973
20	399970	0.419966	6047051	407119	6153502
21	235902	0.385986	3277973	240515	3344340
22	190900	0.459059	3154835	194212	3208715
23	945442	0.371830	12655580	962868	12885312
24	502	0.385624	6969	543	7532
25	156	0.458689	2576	166	2743
>no_N_Reads	28905910
>totalMapped	19498397
>uniqMapped	19140312
>redundancy	0.018365
