chr	uniq	uniqGC%	uniqGC	p_uniq	p_uniqGC%	p_uniqGC	q_uniq	q_uniqGC%	q_uniqGC
1	1179250	0.395882	16806369	632971	0.403177	9187171	546279	0.395882	7619198
2	1310044	0.382213	18025784	497018	0.387392	6931462	813026	0.382213	11094322
3	1088298	0.377448	14787917	503299	0.384012	6957827	584999	0.377448	7830090
4	1044500	0.361414	13589878	265908	0.382655	3663033	778592	0.361414	9926845
5	974297	0.375808	13181349	251563	0.372796	3376144	722734	0.375808	9805205
6	928078	0.375577	12548319	315920	0.396176	4505758	612158	0.375577	8042561
7	792960	0.382576	10921223	305556	0.387690	4264600	487404	0.382576	6656623
8	790615	0.381327	10853391	227776	0.394031	3231025	562839	0.381327	7622366
9	591159	0.393961	8384177	213619	0.369540	2841865	377540	0.393961	5542312
10	692731	0.396024	9876169	204114	0.387502	2847408	488617	0.396024	7028761
11	690503	0.397389	9878342	266749	0.392319	3767426	423754	0.397389	6110916
12	698305	0.385170	9682786	184060	0.381503	2527900	514245	0.385170	7154886
13	542458	0.365380	7135324	NA	NA	NA	542458	0.365380	7135324
14	474183	0.386711	6601382	NA	NA	NA	474183	0.386711	6601382
15	413637	0.400167	5958854	NA	NA	NA	413637	0.400167	5958854
16	370213	0.424875	5662595	138832	0.438224	2190222	231381	0.424875	3472373
17	360340	0.431028	5591405	95189	0.436895	1497152	265151	0.431028	4094253
18	426188	0.379167	5817478	76940	0.389411	1078607	349248	0.379167	4738871
19	204366	0.462307	3401273	80320	0.480241	1388627	124046	0.462307	2012646
20	316481	0.422892	4818147	144402	0.401988	2089723	172079	0.422892	2728424
21	184709	0.389907	2592693	3362	0.487408	58992	181347	0.389907	2533701
22	154863	0.462121	2576356	NA	NA	NA	154863	0.462121	2576356
23	731993	0.373975	9854892	286430	0.379017	3908223	445563	0.373975	5946669
24	397	0.397285	5678	107	0.385774	1486	290	0.397285	4192
25	112	0.458333	1848	NA	NA	NA	112	0.458333	1848
>no_N_Reads	22610682
>totalMapped	15212161
>uniqMapped	14960568
>redundancy	0.016539
