chr	uniq	uniqGC%	uniqGC	total	totalGC
1	1252288	0.393216	17727127	1274188	18032862
2	1398463	0.379737	19117725	1422087	19435338
3	1165866	0.375088	15742903	1185294	16000967
4	1129239	0.359352	14608591	1148247	14851145
5	1046013	0.373691	14071874	1063682	14305685
6	995641	0.373344	13381795	1014868	13639984
7	849385	0.379899	11616491	863912	11812016
8	845460	0.378925	11533162	859781	11725862
9	625901	0.391144	8813418	636233	8956111
10	738164	0.393717	10462602	750482	10634100
11	731687	0.394750	10398011	743678	10565406
12	743977	0.382628	10247995	756475	10417608
13	585582	0.362917	7650635	595394	7777262
14	504152	0.384193	6972905	512631	7088907
15	438871	0.397767	6284464	446132	6386326
16	388022	0.421888	5893263	394202	5985742
17	377369	0.428576	5822322	383311	5911572
18	454714	0.376698	6166441	462362	6269161
19	211054	0.459276	3489554	214309	3542382
20	331771	0.420291	5019859	337142	5100331
21	196299	0.385964	2727514	199746	2777379
22	160672	0.459133	2655712	163159	2696476
23	784309	0.371681	10494448	797285	10665705
24	417	0.386824	5807	443	6189
25	114	0.461501	1894	119	1986
>no_N_Reads	24115577
>totalMapped	16225043
>uniqMapped	15955316
>redundancy	0.016624
