chr	uniq	uniqGC%	uniqGC	p_uniq	p_uniqGC%	p_uniqGC	q_uniq	q_uniqGC%	q_uniqGC
1	1252288	0.393216	17727127	670331	0.400180	9657117	581957	0.393216	8070010
2	1398463	0.379737	19117725	526770	0.385219	7305181	871693	0.379737	11812544
3	1165866	0.375088	15742903	536939	0.381759	7379320	628927	0.375088	8363583
4	1129239	0.359352	14608591	284590	0.380033	3893529	844649	0.359352	10715062
5	1046013	0.373691	14071874	270143	0.370749	3605593	775870	0.373691	10466281
6	995641	0.373344	13381795	334246	0.393842	4739040	661395	0.373344	8642755
7	849385	0.379899	11616491	327177	0.385176	4536744	522208	0.379899	7079747
8	845460	0.378925	11533162	241547	0.391923	3408044	603913	0.378925	8125118
9	625901	0.391144	8813418	228403	0.367401	3020957	397498	0.391144	5792461
10	738164	0.393717	10462602	217571	0.385577	3020051	520593	0.393717	7442551
11	731687	0.394750	10398011	283042	0.389473	3968540	448645	0.394750	6429471
12	743977	0.382628	10247995	196591	0.379040	2682572	547386	0.382628	7565423
13	585582	0.362917	7650635	NA	NA	NA	585582	0.362917	7650635
14	504152	0.384193	6972905	NA	NA	NA	504152	0.384193	6972905
15	438871	0.397767	6284464	NA	NA	NA	438871	0.397767	6284464
16	388022	0.421888	5893263	144585	0.434743	2262866	243437	0.421888	3630397
17	377369	0.428576	5822322	99561	0.434924	1558853	277808	0.428576	4263469
18	454714	0.376698	6166441	81787	0.387267	1140244	372927	0.376698	5026197
19	211054	0.459276	3489554	82513	0.476673	1415941	128541	0.459276	2073613
20	331771	0.420291	5019859	152437	0.399721	2193564	179334	0.420291	2826295
21	196299	0.385964	2727514	3188	0.440297	50532	193111	0.385964	2676982
22	160672	0.459133	2655712	NA	NA	NA	160672	0.459133	2655712
23	784309	0.371681	10494448	306327	0.376344	4150237	477982	0.371681	6344211
24	417	0.386824	5807	107	0.373053	1437	310	0.386824	4370
25	114	0.461501	1894	NA	NA	NA	114	0.461501	1894
>no_N_Reads	24115577
>totalMapped	16225043
>uniqMapped	15955316
>redundancy	0.016624
