chr	uniq	uniqGC%	uniqGC	total	totalGC
1	1329802	0.394792	18899819	1354277	19243255
2	1482564	0.381200	20345534	1508788	20700348
3	1236778	0.376508	16763663	1258363	17051487
4	1196845	0.360776	15544550	1217801	15812654
5	1110996	0.375089	15002025	1130377	15260719
6	1053639	0.374658	14211172	1074314	14488946
7	901208	0.381796	12386784	917144	12602822
8	897800	0.380678	12303818	913650	12517621
9	667589	0.392806	9440383	679414	9604970
10	780451	0.395252	11105091	793936	11293845
11	779815	0.396491	11130830	793255	11319820
12	792667	0.384402	10969295	806495	11158426
13	621956	0.364214	8154913	632868	8295264
14	537792	0.385745	7468221	547259	7597724
15	466801	0.399394	6711749	474862	6825900
16	419816	0.423618	6402291	427098	6512228
17	403322	0.430188	6246160	410101	6348978
18	482915	0.377909	6569930	491347	6683044
19	232642	0.460812	3859351	236300	3919145
20	356477	0.421831	5413430	362511	5503887
21	209889	0.387693	2929408	214162	2995845
22	172939	0.461515	2873302	175771	2919743
23	840515	0.373259	11294278	855415	11491965
24	450	0.400370	6486	498	7224
25	110	0.469192	1858	112	1896
>no_N_Reads	25700652
>totalMapped	17276006
>uniqMapped	16975668
>redundancy	0.017385
